position	x	n	folded
121	5	40	0
123	40	40	0
158	35	40	0
173	35	40	0
201	40	40	0
280	4	40	0
294	8	40	0
295	40	40	0
331	4	40	0
340	4	40	0
349	36	40	0
349	4	40	0
373	2	40	0
404	7	40	0
419	4	40	0
461	40	40	0
463	4	40	0
477	5	40	0
506	35	40	0
600	36	40	0
658	4	40	0
694	4	40	0
703	40	40	0
721	40	40	0
729	36	40	0
752	40	40	0
755	10	40	0
772	4	40	0
848	4	40	0
856	40	40	0
909	4	40	0
910	40	40	0
942	4	40	0
946	36	40	0
973	40	40	0
1015	36	40	0
1017	40	40	0
1021	4	40	0
1055	4	40	0
1149	23	40	0
1206	4	40	0
1285	3	40	0
1380	3	40	0
1385	40	40	0
1404	40	40	0
1438	40	40	0
1448	40	40	0
1509	3	40	0
1511	3	40	0
1547	3	40	0
1607	3	40	0
1632	40	40	0
1671	40	40	0
1696	3	40	0
1698	3	40	0
1703	5	40	0
1742	35	40	0
1756	40	40	0
1759	5	40	0
1840	40	40	0
1845	2	40	0
1849	5	40	0
1878	35	40	0
1904	27	40	0
1981	15	40	0
2019	35	40	0
2026	35	40	0
2124	40	40	0
2171	12	40	0
2217	5	40	0
2246	2	40	0
2332	35	40	0
2335	5	40	0
2388	3	40	0
2491	18	40	0
2499	5	40	0
2502	5	40	0
2512	5	40	0
2517	40	40	0
2518	1	40	0
2642	3	40	0
2653	1	40	0
2757	35	40	0
2758	5	40	0
2759	40	40	0
2779	35	40	0
2804	5	40	0
2820	5	40	0
2824	35	40	0
2839	31	40	0
2850	40	40	0
2889	5	40	0
2896	35	40	0
2975	4	40	0
2981	5	40	0
2995	35	40	0
3002	5	40	0
3024	40	40	0
3109	5	40	0
3157	16	40	0
3164	5	40	0
3171	35	40	0
3193	35	40	0
3204	36	40	0
3238	36	40	0
3242	40	40	0
3250	40	40	0
3266	3	40	0
3297	40	40	0
3305	4	40	0
3312	40	40	0
3316	4	40	0
3325	40	40	0
3333	40	40	0
3362	20	40	0
3370	40	40	0
3389	4	40	0
3415	13	40	0
3560	40	40	0
3575	4	40	0
3593	2	40	0
3610	4	40	0
3650	36	40	0
3673	40	40	0
3685	4	40	0
3710	4	40	0
3736	40	40	0
3741	4	40	0
3755	36	40	0
3864	36	40	0
3888	4	40	0
3896	36	40	0
3899	7	40	0
3908	4	40	0
3911	36	40	0
3913	36	40	0
4001	4	40	0
4008	36	40	0
4067	36	40	0
4129	4	40	0
4204	4	40	0
4320	22	40	0
4370	4	40	0
4375	36	40	0
4377	36	40	0
4414	36	40	0
4423	40	40	0
4423	4	40	0
4425	36	40	0
4510	40	40	0
4518	40	40	0
4579	4	40	0
4614	4	40	0
4620	4	40	0
4639	1	40	0
4693	40	40	0
4708	5	40	0
4711	40	40	0
4747	40	40	0
4749	5	40	0
4773	40	40	0
4834	7	40	0
4926	35	40	0
4953	5	40	0
4956	35	40	0
5039	1	40	0
5064	40	40	0
5133	40	40	0
5134	3	40	0
5136	5	40	0
5147	35	40	0
5188	5	40	0
5222	40	40	0
5252	40	40	0
5277	5	40	0
5290	40	40	0
5338	4	40	0
5425	36	40	0
5427	40	40	0
5437	4	40	0
5444	40	40	0
5456	40	40	0
5485	40	40	0
5501	36	40	0
5535	4	40	0
5578	36	40	0
5592	4	40	0
5676	4	40	0
5692	4	40	0
5694	30	40	0
5710	40	40	0
5780	4	40	0
5880	40	40	0
5912	36	40	0
5943	40	40	0
5980	3	40	0
5996	36	40	0
6011	1	40	0
6026	4	40	0
6049	20	40	0
6063	36	40	0
6110	4	40	0
6175	1	40	0
6264	36	40	0
6276	40	40	0
6300	4	40	0
6372	4	40	0
6461	35	40	0
6522	1	40	0
6525	1	40	0
6535	13	40	0
6535	40	40	0
6555	40	40	0
6566	35	40	0
6583	35	40	0
6649	5	40	0
6675	35	40	0
6681	5	40	0
6735	40	40	0
6845	40	40	0
6847	40	40	0
6848	35	40	0
6855	5	40	0
6870	18	40	0
6929	5	40	0
6961	35	40	0
7001	40	40	0
7027	40	40	0
7059	35	40	0
7087	35	40	0
7155	36	40	0
7220	36	40	0
7224	1	40	0
7236	4	40	0
7247	4	40	0
7264	2	40	0
7279	4	40	0
7282	1	40	0
7367	40	40	0
7419	4	40	0
7506	4	40	0
7508	4	40	0
7531	36	40	0
7611	2	40	0
7665	4	40	0
7665	40	40	0
7682	36	40	0
7685	36	40	0
7687	4	40	0
7714	36	40	0
7752	36	40	0
7756	2	40	0
7798	4	40	0
7842	8	40	0
7851	1	40	0
7946	36	40	0
7988	4	40	0
8105	1	40	0
8110	2	40	0
8117	36	40	0
8122	4	40	0
8144	4	40	0
8211	9	40	0
8235	13	40	0
8288	40	40	0
8349	40	40	0
8371	4	40	0
8373	40	40	0
8430	36	40	0
8447	3	40	0
8449	40	40	0
8456	36	40	0
8546	36	40	0
8552	1	40	0
8584	6	40	0
8626	34	40	0
8709	34	40	0
8811	3	40	0
8824	40	40	0
8852	31	40	0
8868	31	40	0
8910	3	40	0
8929	40	40	0
9004	1	40	0
9048	40	40	0
9118	36	40	0
9166	36	40	0
9226	4	40	0
9268	40	40	0
9303	21	40	0
9307	4	40	0
9345	36	40	0
9350	19	40	0
9408	36	40	0
9419	40	40	0
9434	4	40	0
9482	36	40	0
9508	4	40	0
9542	4	40	0
9561	36	40	0
9565	4	40	0
9565	5	40	0
9615	4	40	0
9622	9	40	0
9624	4	40	0
9653	4	40	0
9724	36	40	0
9757	40	40	0
9793	40	40	0
9807	4	40	0
9834	40	40	0
9849	16	40	0
9850	2	40	0
9884	38	40	0
9897	40	40	0
9915	2	40	0
9916	2	40	0
9924	6	40	0
9938	40	40	0
9966	38	40	0
9980	2	40	0
10011	2	40	0
10048	38	40	0
10059	2	40	0
10064	2	40	0
10082	2	40	0
10091	38	40	0
10103	38	40	0
10135	2	40	0
10136	40	40	0
10138	1	40	0
10144	2	40	0
10165	31	40	0
10267	38	40	0
10270	10	40	0
10288	38	40	0
10317	9	40	0
10345	38	40	0
10469	40	40	0
10490	38	40	0
10543	2	40	0
10576	38	40	0
10655	3	40	0
10685	3	40	0
10719	3	40	0
10759	37	40	0
10841	3	40	0
10918	8	40	0
11061	40	40	0
11078	40	40	0
11099	40	40	0
11124	36	40	0
11125	36	40	0
11169	36	40	0
11215	4	40	0
11223	36	40	0
11292	36	40	0
11306	7	40	0
11311	3	40	0
11319	1	40	0
11379	40	40	0
11431	37	40	0
11432	37	40	0
11447	3	40	0
11448	37	40	0
11467	4	40	0
11507	3	40	0
11522	3	40	0
11539	2	40	0
11599	40	40	0
11668	2	40	0
11693	40	40	0
11698	3	40	0
11707	40	40	0
11724	38	40	0
11750	40	40	0
11757	38	40	0
11768	2	40	0
11790	2	40	0
11811	38	40	0
11850	38	40	0
11927	40	40	0
11996	2	40	0
12018	2	40	0
12032	40	40	0
12087	3	40	0
12189	37	40	0
12196	3	40	0
12201	40	40	0
12303	3	40	0
12332	3	40	0
12340	37	40	0
12387	3	40	0
12398	40	40	0
12416	40	40	0
12455	40	40	0
12465	1	40	0
12537	2	40	0
12550	40	40	0
12552	40	40	0
12583	38	40	0
12615	38	40	0
12630	34	40	0
12652	40	40	0
12657	2	40	0
12670	40	40	0
12697	3	40	0
12799	14	40	0
12831	4	40	0
12838	2	40	0
12842	2	40	0
12856	1	40	0
12891	39	40	0
12929	1	40	0
12930	39	40	0
12944	39	40	0
12947	39	40	0
12959	3	40	0
12960	14	40	0
13011	40	40	0
13086	40	40	0
13134	13	40	0
13195	40	40	0
13207	19	40	0
13242	18	40	0
13264	40	40	0
13283	40	40	0
13362	40	40	0
13383	40	40	0
13390	40	40	0
13425	40	40	0
13438	40	40	0
13482	40	40	0
13503	40	40	0
13584	40	40	0
13655	4	40	0
13693	15	40	0
13729	30	40	0
13768	40	40	0
13774	40	40	0
13776	40	40	0
13991	40	40	0
14033	40	40	0
14057	40	40	0
14098	3	40	0
14102	40	40	0
14187	10	40	0
14207	40	40	0
14235	1	40	0
14251	40	40	0
14261	3	40	0
14328	40	40	0
14374	40	40	0
14382	40	40	0
14421	40	40	0
14430	40	40	0
14430	40	40	0
14517	40	40	0
14556	40	40	0
14648	40	40	0
14655	1	40	0
14701	40	40	0
14731	40	40	0
14740	40	40	0
14741	40	40	0
14791	40	40	0
14848	40	40	0
14914	40	40	0
14996	40	40	0
15109	10	40	0
15149	9	40	0
15168	5	40	0
15173	4	40	0
15211	40	40	0
15225	40	40	0
15235	40	40	0
15262	40	40	0
15482	15	40	0
15497	1	40	0
15508	40	40	0
15541	40	40	0
15561	1	40	0
15605	1	40	0
15732	40	40	0
15807	40	40	0
15837	40	40	0
15881	40	40	0
15941	40	40	0
15961	40	40	0
16172	40	40	0
16176	3	40	0
16176	3	40	0
16210	40	40	0
16252	40	40	0
16284	40	40	0
16310	40	40	0
16357	5	40	0
16470	40	40	0
16496	1	40	0
16523	7	40	0
16551	40	40	0
16603	1	40	0
16703	1	40	0
16742	25	40	0
16782	40	40	0
16840	1	40	0
16869	40	40	0
16914	3	40	0
17014	6	40	0
17030	40	40	0
17037	40	40	0
17096	1	40	0
17161	1	40	0
17165	40	40	0
17216	27	40	0
17275	40	40	0
17329	10	40	0
17451	40	40	0
17528	40	40	0
17601	19	40	0
17662	3	40	0
17719	15	40	0
17822	40	40	0
17847	40	40	0
17888	40	40	0
17904	40	40	0
17907	40	40	0
17928	26	40	0
17931	40	40	0
17957	6	40	0
18013	40	40	0
18050	1	40	0
18158	40	40	0
18172	40	40	0
18229	40	40	0
18316	40	40	0
18373	40	40	0
18394	1	40	0
18409	40	40	0
18453	1	40	0
18491	40	40	0
18557	3	40	0
18609	40	40	0
18672	40	40	0
18743	40	40	0
18798	40	40	0
18846	40	40	0
18868	40	40	0
18886	40	40	0
19098	8	40	0
19230	1	40	0
19257	40	40	0
19280	40	40	0
19300	7	40	0
19309	7	40	0
19340	40	40	0
19402	40	40	0
19443	40	40	0
19528	3	40	0
19564	28	40	0
19628	40	40	0
19678	40	40	0
19688	5	40	0
19697	40	40	0
19774	40	40	0
19780	40	40	0
19790	40	40	0
19811	40	40	0
19812	40	40	0
19816	40	40	0
19847	40	40	0
19869	40	40	0
19877	40	40	0
19902	2	40	0
19913	40	40	0
20001	2	40	0
20027	31	40	0
20062	40	40	0
20107	40	40	0
20194	40	40	0
20212	40	40	0
20316	40	40	0
20371	1	40	0
20436	39	40	0
20442	39	40	0
20451	39	40	0
20466	39	40	0
20467	39	40	0
20493	2	40	0
20496	2	40	0
20520	2	40	0
20568	38	40	0
20572	2	40	0
20595	2	40	0
20650	5	40	0
20708	7	40	0
20728	3	40	0
20734	40	40	0
20749	40	40	0
20754	21	40	0
20767	2	40	0
20773	40	40	0
20815	2	40	0
20854	2	40	0
20880	38	40	0
20915	38	40	0
20916	3	40	0
20994	2	40	0
21028	40	40	0
21035	38	40	0
21046	2	40	0
21050	38	40	0
21082	40	40	0
21108	2	40	0
21156	5	40	0
21161	38	40	0
21170	38	40	0
21197	38	40	0
21214	2	40	0
21245	2	40	0
21285	38	40	0
21286	1	40	0
21323	2	40	0
21325	1	40	0
21405	1	40	0
21458	25	40	0
21555	38	40	0
21568	38	40	0
21575	38	40	0
21635	38	40	0
21636	38	40	0
21642	40	40	0
21692	2	40	0
21697	16	40	0
21708	2	40	0
21716	2	40	0
21731	5	40	0
21744	38	40	0
21747	2	40	0
21750	38	40	0
21760	38	40	0
21760	38	40	0
21764	40	40	0
21784	40	40	0
21814	38	40	0
21865	2	40	0
21888	40	40	0
21915	40	40	0
21951	2	40	0
22006	2	40	0
22008	2	40	0
22024	2	40	0
22040	38	40	0
22097	3	40	0
22100	1	40	0
22100	1	40	0
22175	2	40	0
22190	2	40	0
22210	38	40	0
22219	1	40	0
22231	38	40	0
22234	38	40	0
22259	3	40	0
22264	3	40	0
22289	38	40	0
22302	38	40	0
22351	40	40	0
22398	38	40	0
22466	40	40	0
22502	40	40	0
22540	2	40	0
22547	3	40	0
22577	38	40	0
22733	38	40	0
22752	38	40	0
22785	2	40	0
22831	40	40	0
22913	8	40	0
22927	2	40	0
22934	2	40	0
22945	2	40	0
22952	2	40	0
22970	2	40	0
22980	2	40	0
22993	2	40	0
23008	1	40	0
23015	2	40	0
23075	2	40	0
23091	40	40	0
23141	40	40	0
23222	2	40	0
23273	6	40	0
23289	40	40	0
23347	2	40	0
23374	1	40	0
23382	38	40	0
23396	38	40	0
23421	4	40	0
23456	1	40	0
23458	38	40	0
23518	5	40	0
23521	40	40	0
23542	1	40	0
23599	38	40	0
23670	11	40	0
23678	37	40	0
23693	6	40	0
23699	40	40	0
23718	40	40	0
23746	3	40	0
23760	11	40	0
23791	11	40	0
23791	3	40	0
23794	3	40	0
23841	1	40	0
23877	3	40	0
23926	23	40	0
23942	3	40	0
23953	37	40	0
23995	8	40	0
24011	40	40	0
24026	4	40	0
24117	40	40	0
24134	40	40	0
24135	37	40	0
24138	3	40	0
24183	3	40	0
24184	37	40	0
24217	3	40	0
24218	40	40	0
24227	40	40	0
24263	3	40	0
24316	1	40	0
24326	40	40	0
24338	3	40	0
24345	40	40	0
24372	40	40	0
24373	40	40	0
24378	3	40	0
24451	3	40	0
24503	1	40	0
24512	2	40	0
24519	3	40	0
24556	37	40	0
24573	40	40	0
24580	3	40	0
24621	40	40	0
24653	37	40	0
24665	3	40	0
24780	3	40	0
24867	4	40	0
24885	3	40	0
24952	3	40	0
25012	9	40	0
25013	37	40	0
25085	37	40	0
25089	3	40	0
25130	40	40	0
25198	2	40	0
25202	2	40	0
25212	2	40	0
25277	3	40	0
25314	2	40	0
25322	13	40	0
25425	37	40	0
25435	40	40	0
25445	40	40	0
25460	14	40	0
25490	37	40	0
25491	40	40	0
25514	40	40	0
25611	40	40	0
25616	40	40	0
25656	37	40	0
25687	40	40	0
25696	37	40	0
25696	6	40	0
25730	37	40	0
25749	1	40	0
25835	3	40	0
25841	23	40	0
25912	40	40	0
25987	37	40	0
26007	40	40	0
26085	40	40	0
26092	40	40	0
26179	1	40	0
26207	5	40	0
26221	3	40	0
26229	24	40	0
26242	37	40	0
26279	40	40	0
26332	40	40	0
26354	1	40	0
26369	2	40	0
26397	40	40	0
26426	40	40	0
26496	40	40	0
26613	9	40	0
26629	40	40	0
26656	3	40	0
26659	3	40	0
26660	37	40	0
26680	37	40	0
26693	37	40	0
26739	14	40	0
26779	40	40	0
26790	40	40	0
26799	3	40	0
26831	37	40	0
26859	3	40	0
26861	40	40	0
26871	3	40	0
26886	1	40	0
26946	40	40	0
26946	3	40	0
26963	37	40	0
27018	3	40	0
27096	2	40	0
27114	3	40	0
27146	40	40	0
27173	3	40	0
27174	37	40	0
27187	3	40	0
27225	5	40	0
27229	4	40	0
27261	4	40	0
27267	40	40	0
27315	2	40	0
27378	9	40	0
27397	36	40	0
27412	40	40	0
27577	4	40	0
27578	13	40	0
27646	36	40	0
27777	37	40	0
27797	3	40	0
27814	13	40	0
27832	38	40	0
27837	40	40	0
27852	11	40	0
27860	11	40	0
27933	2	40	0
27959	38	40	0
27966	2	40	0
27986	40	40	0
28010	38	40	0
28015	40	40	0
28075	2	40	0
28282	38	40	0
28283	38	40	0
28307	2	40	0
28446	40	40	0
28511	38	40	0
28515	40	40	0
28524	1	40	0
28548	40	40	0
28572	38	40	0
28590	2	40	0
28605	2	40	0
28645	38	40	0
28658	2	40	0
28663	2	40	0
28678	2	40	0
28736	2	40	0
28739	40	40	0
28745	40	40	0
28836	2	40	0
28878	40	40	0
28879	39	40	0
29008	1	40	0
29021	39	40	0
29024	40	40	0
29038	40	40	0
29086	1	40	0
29107	39	40	0
29113	40	40	0
29182	39	40	0
29278	39	40	0
29287	40	40	0
29418	39	40	0
29464	39	40	0
29485	4	40	0
29528	40	40	0
29630	1	40	0
29653	39	40	0
29663	1	40	0
29687	1	40	0
29694	40	40	0
29729	40	40	0
29729	39	40	0
29737	39	40	0
29765	1	40	0
29785	1	40	0
29829	39	40	0
29845	6	40	0
29857	39	40	0
29916	40	40	0
30001	3	40	0
30008	37	40	0
30028	40	40	0
30046	37	40	0
30048	3	40	0
30053	37	40	0
30082	37	40	0
30095	3	40	0
30098	37	40	0
30118	28	40	0
30135	3	40	0
30136	37	40	0
30206	3	40	0
30269	37	40	0
30279	40	40	0
30372	37	40	0
30390	3	40	0
30394	3	40	0
30434	40	40	0
30467	37	40	0
30495	40	40	0
30508	37	40	0
30524	40	40	0
30550	4	40	0
30562	37	40	0
30564	1	40	0
30580	37	40	0
30584	3	40	0
30624	40	40	0
30645	3	40	0
30664	1	40	0
30670	40	40	0
30671	38	40	0
30680	5	40	0
30698	40	40	0
30720	2	40	0
30721	2	40	0
30765	7	40	0
30779	40	40	0
30794	38	40	0
30827	40	40	0
30909	38	40	0
30924	2	40	0
30933	2	40	0
30941	2	40	0
30980	40	40	0
31118	40	40	0
31119	3	40	0
31142	2	40	0
31169	40	40	0
31186	27	40	0
31233	38	40	0
31261	40	40	0
31290	40	40	0
31426	39	40	0
31430	40	40	0
31485	39	40	0
31620	1	40	0
31642	1	40	0
31748	28	40	0
31750	40	40	0
31771	39	40	0
31804	39	40	0
31841	3	40	0
31887	1	40	0
31928	1	40	0
31988	1	40	0
31989	1	40	0
31993	1	40	0
32011	3	40	0
32023	1	40	0
32023	1	40	0
32038	40	40	0
32050	39	40	0
32061	40	40	0
32081	39	40	0
32106	1	40	0
32124	40	40	0
32138	39	40	0
32140	40	40	0
32166	1	40	0
32169	15	40	0
32172	1	40	0
32255	18	40	0
32280	3	40	0
32342	13	40	0
32352	37	40	0
32382	10	40	0
32474	2	40	0
32507	3	40	0
32509	3	40	0
32535	40	40	0
32592	37	40	0
32615	40	40	0
32634	40	40	0
32677	5	40	0
32776	3	40	0
32777	2	40	0
32811	40	40	0
32830	37	40	0
32832	3	40	0
32879	6	40	0
32882	3	40	0
32898	1	40	0
32902	2	40	0
32991	3	40	0
32994	3	40	0
33055	40	40	0
33073	1	40	0
33087	40	40	0
33099	6	40	0
33188	37	40	0
33245	40	40	0
33262	3	40	0
33278	2	40	0
33286	35	40	0
33301	40	40	0
33378	5	40	0
33396	35	40	0
33405	35	40	0
33447	8	40	0
33471	40	40	0
33502	32	40	0
33506	40	40	0
33519	32	40	0
33540	40	40	0
33556	14	40	0
33581	5	40	0
33625	32	40	0
33638	32	40	0
33646	40	40	0
33700	7	40	0
33716	1	40	0
33749	33	40	0
33854	6	40	0
33885	33	40	0
33942	33	40	0
33984	40	40	0
34093	7	40	0
34094	33	40	0
34103	33	40	0
34105	40	40	0
34146	40	40	0
34147	1	40	0
34175	7	40	0
34186	40	40	0
34196	33	40	0
34323	7	40	0
34417	33	40	0
34437	40	40	0
34476	6	40	0
34519	40	40	0
34562	34	40	0
34567	34	40	0
34630	40	40	0
34633	6	40	0
34644	34	40	0
34679	40	40	0
34684	34	40	0
34734	40	40	0
34743	6	40	0
34796	40	40	0
34867	34	40	0
34911	40	40	0
34969	34	40	0
34980	6	40	0
35014	1	40	0
35065	6	40	0
35096	34	40	0
35105	40	40	0
35117	34	40	0
35119	34	40	0
35127	40	40	0
35129	34	40	0
35268	34	40	0
35342	5	40	0
35356	40	40	0
35364	24	40	0
35394	30	40	0
35394	40	40	0
35416	1	40	0
35428	35	40	0
35455	40	40	0
35629	5	40	0
35684	5	40	0
35722	5	40	0
35742	40	40	0
35788	40	40	0
35800	12	40	0
35862	35	40	0
35905	40	40	0
35928	4	40	0
35943	4	40	0
35947	36	40	0
35949	1	40	0
35995	36	40	0
35995	36	40	0
35996	4	40	0
36005	36	40	0
36195	36	40	0
36255	4	40	0
36281	2	40	0
36285	36	40	0
36302	6	40	0
36316	36	40	0
36329	40	40	0
36347	4	40	0
36356	36	40	0
36358	4	40	0
36370	36	40	0
36413	40	40	0
36414	4	40	0
36452	40	40	0
36512	4	40	0
36545	1	40	0
36758	36	40	0
36805	21	40	0
36810	36	40	0
36827	4	40	0
36861	1	40	0
36874	40	40	0
36877	36	40	0
36896	40	40	0
37114	2	40	0
37152	38	40	0
37161	38	40	0
37191	38	40	0
37229	2	40	0
37232	18	40	0
37262	2	40	0
37284	40	40	0
37289	38	40	0
37334	2	40	0
37379	40	40	0
37386	3	40	0
37393	40	40	0
37520	40	40	0
37541	40	40	0
37559	4	40	0
37600	4	40	0
37614	40	40	0
37682	40	40	0
37683	40	40	0
37726	35	40	0
37766	40	40	0
37858	5	40	0
37864	40	40	0
37871	35	40	0
37877	5	40	0
37885	35	40	0
37887	35	40	0
37933	5	40	0
37953	5	40	0
37987	40	40	0
38031	5	40	0
38119	35	40	0
38180	40	40	0
38186	40	40	0
38189	1	40	0
38193	5	40	0
38280	40	40	0
38282	5	40	0
38318	5	40	0
38350	5	40	0
38395	40	40	0
38425	40	40	0
38455	35	40	0
38487	40	40	0
38516	40	40	0
38526	40	40	0
38560	35	40	0
38563	1	40	0
38570	35	40	0
38604	40	40	0
38618	5	40	0
38670	10	40	0
38696	13	40	0
38746	40	40	0
38971	6	40	0
38981	6	40	0
39042	3	40	0
39042	34	40	0
39050	40	40	0
39052	4	40	0
39065	6	40	0
39162	34	40	0
39199	6	40	0
39222	34	40	0
39224	34	40	0
39243	34	40	0
39279	6	40	0
39281	6	40	0
39301	3	40	0
39320	40	40	0
39328	2	40	0
39391	40	40	0
39392	7	40	0
39428	2	40	0
39428	40	40	0
39438	33	40	0
39553	33	40	0
39597	7	40	0
39636	33	40	0
39649	7	40	0
39654	33	40	0
39689	33	40	0
39720	7	40	0
39726	33	40	0
39794	40	40	0
39845	32	40	0
39900	30	40	0
39911	30	40	0
39933	3	40	0
39976	30	40	0
40038	9	40	0
40063	10	40	0
40138	10	40	0
40163	40	40	0
40168	40	40	0
40183	30	40	0
40185	30	40	0
40188	30	40	0
40212	10	40	0
40250	30	40	0
40258	40	40	0
40285	5	40	0
40287	10	40	0
40302	10	40	0
40312	40	40	0
40327	30	40	0
40365	30	40	0
40367	10	40	0
40413	40	40	0
40435	40	40	0
40461	28	40	0
40486	40	40	0
40515	27	40	0
40604	1	40	0
40612	27	40	0
40614	27	40	0
40683	5	40	0
40712	13	40	0
40732	27	40	0
40744	19	40	0
40749	26	40	0
40764	26	40	0
40770	1	40	0
40772	40	40	0
40826	9	40	0
40840	14	40	0
40866	26	40	0
40883	14	40	0
40890	26	40	0
40894	2	40	0
40920	15	40	0
40926	1	40	0
40932	40	40	0
40937	25	40	0
40989	25	40	0
41000	25	40	0
41016	15	40	0
41025	3	40	0
41068	14	40	0
41078	1	40	0
41097	14	40	0
41108	40	40	0
41129	3	40	0
41148	40	40	0
41158	40	40	0
41287	27	40	0
41292	27	40	0
41314	5	40	0
41393	1	40	0
41435	15	40	0
41456	40	40	0
41560	40	40	0
41592	6	40	0
41664	15	40	0
41669	15	40	0
41732	40	40	0
41795	1	40	0
42001	40	40	0
42024	40	40	0
42036	16	40	0
42037	24	40	0
42079	1	40	0
42137	4	40	0
42177	9	40	0
42183	2	40	0
42203	16	40	0
42207	16	40	0
42219	24	40	0
42247	16	40	0
42320	17	40	0
42328	17	40	0
42481	14	40	0
42499	18	40	0
42511	22	40	0
42536	18	40	0
42545	4	40	0
42567	18	40	0
42591	18	40	0
42644	18	40	0
42652	22	40	0
42677	40	40	0
42701	18	40	0
42705	1	40	0
42707	22	40	0
42747	18	40	0
42787	40	40	0
42803	2	40	0
42842	2	40	0
42850	40	40	0
42859	21	40	0
42884	19	40	0
42891	40	40	0
42975	21	40	0
42976	21	40	0
42981	40	40	0
43018	19	40	0
43090	21	40	0
43098	19	40	0
43206	3	40	0
43307	40	40	0
43337	40	40	0
43388	3	40	0
43427	20	40	0
43443	20	40	0
43533	20	40	0
43563	20	40	0
43575	1	40	0
43582	19	40	0
43612	18	40	0
43637	40	40	0
43660	22	40	0
43712	18	40	0
43731	18	40	0
43732	40	40	0
43811	1	40	0
43836	18	40	0
43839	22	40	0
43893	5	40	0
43907	22	40	0
43915	22	40	0
43974	40	40	0
44020	18	40	0
44025	18	40	0
44101	23	40	0
44357	17	40	0
44381	23	40	0
44441	13	40	0
44460	24	40	0
44501	3	40	0
44546	40	40	0
44581	25	40	0
44604	15	40	0
44647	25	40	0
44661	25	40	0
44663	15	40	0
44675	15	40	0
44777	25	40	0
44810	40	40	0
44904	25	40	0
44949	40	40	0
44954	25	40	0
44954	40	40	0
44960	40	40	0
44991	40	40	0
45023	40	40	0
45079	24	40	0
45105	9	40	0
45144	40	40	0
45154	8	40	0
45155	8	40	0
45246	24	40	0
45255	24	40	0
45281	24	40	0
45334	40	40	0
45378	16	40	0
45401	7	40	0
45413	24	40	0
45464	16	40	0
45577	2	40	0
45579	24	40	0
45591	24	40	0
45636	40	40	0
45639	40	40	0
45675	16	40	0
45706	3	40	0
45719	4	40	0
45759	3	40	0
45784	6	40	0
45798	40	40	0
45821	24	40	0
45845	24	40	0
45863	24	40	0
45872	24	40	0
45940	16	40	0
45970	24	40	0
45988	24	40	0
45989	24	40	0
45991	24	40	0
46017	12	40	0
46065	4	40	0
46080	16	40	0
46086	24	40	0
46096	16	40	0
46100	16	40	0
46234	15	40	0
46279	25	40	0
46296	40	40	0
46366	40	40	0
46396	24	40	0
46440	40	40	0
46440	4	40	0
46610	13	40	0
46648	27	40	0
46817	14	40	0
46834	3	40	0
46847	3	40	0
47019	3	40	0
47026	14	40	0
47058	14	40	0
47061	26	40	0
47076	14	40	0
47120	26	40	0
47197	6	40	0
47239	26	40	0
47245	28	40	0
47307	40	40	0
47341	40	40	0
47352	12	40	0
47403	28	40	0
47443	40	40	0
47449	12	40	0
47477	40	40	0
47485	1	40	0
47512	11	40	0
47535	30	40	0
47567	30	40	0
47619	7	40	0
47630	33	40	0
47647	40	40	0
47699	8	40	0
47707	32	40	0
47753	40	40	0
47781	40	40	0
47830	32	40	0
47901	40	40	0
47986	36	40	0
48067	36	40	0
48077	40	40	0
48164	4	40	0
48315	36	40	0
48326	36	40	0
48327	4	40	0
48340	4	40	0
48345	40	40	0
48357	4	40	0
48360	4	40	0
48376	40	40	0
48380	4	40	0
48401	4	40	0
48404	36	40	0
48424	4	40	0
48468	36	40	0
48570	36	40	0
48580	3	40	0
48624	4	40	0
48695	36	40	0
48696	40	40	0
48724	40	40	0
48726	40	40	0
48767	36	40	0
48772	40	40	0
48775	40	40	0
48901	36	40	0
48925	40	40	0
48929	40	40	0
48980	35	40	0
49040	35	40	0
49068	40	40	0
49133	40	40	0
49160	5	40	0
49236	5	40	0
49257	40	40	0
49265	35	40	0
49296	40	40	0
49323	40	40	0
49377	40	40	0
49418	40	40	0
49419	38	40	0
49500	40	40	0
49536	40	40	0
49782	40	40	0
49946	40	40	0
50021	40	40	0
50064	40	40	0
50089	40	40	0
50099	40	40	0
50161	40	40	0
50315	40	40	0
50379	40	40	0
50388	40	40	0
50427	40	40	0
50430	40	40	0
50446	40	40	0
50468	40	40	0
50496	40	40	0
50567	40	40	0
50636	40	40	0
50736	40	40	0
50747	40	40	0
50856	40	40	0
50880	40	40	0
50960	3	40	0
51006	40	40	0
51015	37	40	0
51070	37	40	0
51284	9	40	0
51316	31	40	0
51390	31	40	0
51400	40	40	0
51428	9	40	0
51477	31	40	0
51488	6	40	0
51492	40	40	0
51512	31	40	0
51620	6	40	0
51669	40	40	0
51708	7	40	0
51746	40	40	0
51777	33	40	0
51816	33	40	0
51822	40	40	0
51864	7	40	0
51894	7	40	0
51909	40	40	0
51927	7	40	0
51965	7	40	0
52015	9	40	0
52071	40	40	0
52125	9	40	0
52160	40	40	0
52163	31	40	0
52181	40	40	0
52234	31	40	0
52273	9	40	0
52273	9	40	0
52496	40	40	0
52509	13	40	0
52526	13	40	0
52535	13	40	0
52555	13	40	0
52575	40	40	0
52595	27	40	0
52639	13	40	0
52759	13	40	0
52764	40	40	0
52892	1	40	0
52946	15	40	0
52980	25	40	0
53096	15	40	0
53120	15	40	0
53131	15	40	0
53142	25	40	0
53236	25	40	0
53241	40	40	0
53274	25	40	0
53324	15	40	0
53351	25	40	0
53367	25	40	0
53368	40	40	0
53420	40	40	0
53425	40	40	0
53465	26	40	0
53580	26	40	0
53647	14	40	0
53653	26	40	0
53658	26	40	0
53727	23	40	0
53728	17	40	0
53819	18	40	0
53838	18	40	0
53914	22	40	0
53970	19	40	0
53992	40	40	0
53997	21	40	0
54022	19	40	0
54115	40	40	0
54128	40	40	0
54151	40	40	0
54185	19	40	0
54225	19	40	0
54287	21	40	0
54339	40	40	0
54344	40	40	0
54374	1	40	0
54382	40	40	0
54489	40	40	0
54509	19	40	0
54609	40	40	0
54651	40	40	0
54678	18	40	0
54705	40	40	0
54717	20	40	0
54757	40	40	0
54890	19	40	0
54940	18	40	0
55002	18	40	0
55030	18	40	0
55039	18	40	0
55065	1	40	0
55084	22	40	0
55121	21	40	0
55138	40	40	0
55184	22	40	0
55240	18	40	0
55289	40	40	0
55290	18	40	0
55320	22	40	0
55343	22	40	0
55348	22	40	0
55361	22	40	0
55369	40	40	0
55404	40	40	0
55454	18	40	0
55494	18	40	0
55520	22	40	0
55710	22	40	0
55734	22	40	0
55762	23	40	0
55833	23	40	0
55872	40	40	0
55877	17	40	0
55883	40	40	0
55890	23	40	0
55893	3	40	0
55943	40	40	0
56016	40	40	0
56038	17	40	0
56077	17	40	0
56093	13	40	0
56111	17	40	0
56134	17	40	0
56196	17	40	0
56213	16	40	0
56356	40	40	0
56378	40	40	0
56380	17	40	0
56453	17	40	0
56524	22	40	0
56576	40	40	0
56627	18	40	0
56656	40	40	0
56686	22	40	0
56712	1	40	0
56730	18	40	0
56737	18	40	0
56746	22	40	0
56769	18	40	0
56774	22	40	0
56826	40	40	0
56849	22	40	0
56864	40	40	0
56907	22	40	0
56918	22	40	0
56919	40	40	0
56919	22	40	0
56931	18	40	0
56966	21	40	0
56980	19	40	0
57046	19	40	0
57053	21	40	0
57109	10	40	0
57123	19	40	0
57137	19	40	0
57163	40	40	0
57185	21	40	0
57217	19	40	0
57227	19	40	0
57306	22	40	0
57370	18	40	0
57381	18	40	0
57382	40	40	0
57427	40	40	0
57442	22	40	0
57449	40	40	0
57452	40	40	0
57506	4	40	0
57545	40	40	0
57619	18	40	0
57646	22	40	0
57676	22	40	0
57715	18	40	0
57753	40	40	0
57771	22	40	0
57881	1	40	0
57935	40	40	0
58054	40	40	0
58093	16	40	0
58108	4	40	0
58125	24	40	0
58183	16	40	0
58215	12	40	0
58236	16	40	0
58245	16	40	0
58246	24	40	0
58246	4	40	0
58363	24	40	0
58402	10	40	0
58430	24	40	0
58503	16	40	0
58638	16	40	0
58682	16	40	0
58738	4	40	0
58746	16	40	0
58757	24	40	0
58758	40	40	0
58817	17	40	0
58848	23	40	0
58853	17	40	0
58883	17	40	0
58939	6	40	0
58949	3	40	0
58963	16	40	0
59065	40	40	0
59125	40	40	0
59144	14	40	0
59195	15	40	0
59204	25	40	0
59236	15	40	0
59264	15	40	0
59291	25	40	0
59304	40	40	0
59316	40	40	0
59316	40	40	0
59318	15	40	0
59356	25	40	0
59365	15	40	0
59394	2	40	0
59405	15	40	0
59556	17	40	0
59595	17	40	0
59597	2	40	0
59612	23	40	0
59696	40	40	0
59698	17	40	0
59712	23	40	0
59725	1	40	0
59785	15	40	0
59794	25	40	0
59853	40	40	0
59875	40	40	0
59878	13	40	0
59915	13	40	0
59924	27	40	0
59956	40	40	0
59986	8	40	0
60014	10	40	0
60049	30	40	0
60078	40	40	0
60123	2	40	0
60124	40	40	0
60160	32	40	0
60186	8	40	0
60216	8	40	0
60234	8	40	0
60250	8	40	0
60303	8	40	0
60341	1	40	0
60394	8	40	0
60439	8	40	0
60453	8	40	0
60517	32	40	0
60541	40	40	0
60550	32	40	0
60603	40	40	0
60648	8	40	0
60686	8	40	0
60693	32	40	0
60757	31	40	0
60792	1	40	0
60837	10	40	0
60864	10	40	0
60865	30	40	0
60914	40	40	0
61011	40	40	0
61110	10	40	0
61112	10	40	0
61121	30	40	0
61128	30	40	0
61164	10	40	0
61174	10	40	0
61194	10	40	0
61213	10	40	0
61223	10	40	0
61267	1	40	0
61283	6	40	0
61283	6	40	0
61303	34	40	0
61308	6	40	0
61324	21	40	0
61342	1	40	0
61343	34	40	0
61350	2	40	0
61365	6	40	0
61424	34	40	0
61431	6	40	0
61489	2	40	0
61534	6	40	0
61539	34	40	0
61540	34	40	0
61572	40	40	0
61593	26	40	0
61618	34	40	0
61680	34	40	0
61685	34	40	0
61687	34	40	0
61713	24	40	0
61716	6	40	0
61728	6	40	0
61734	40	40	0
61745	6	40	0
61762	3	40	0
61804	40	40	0
61827	6	40	0
61836	6	40	0
61840	1	40	0
61851	5	40	0
61905	6	40	0
61959	6	40	0
61972	6	40	0
62044	34	40	0
62103	34	40	0
62143	40	40	0
62151	34	40	0
62173	6	40	0
62196	40	40	0
62308	4	40	0
62323	34	40	0
62326	40	40	0
62344	6	40	0
62363	34	40	0
62364	6	40	0
62392	34	40	0
62394	34	40	0
62411	40	40	0
62420	34	40	0
62476	5	40	0
62479	6	40	0
62506	34	40	0
62516	7	40	0
62516	34	40	0
62516	12	40	0
62545	6	40	0
62572	6	40	0
62650	34	40	0
62668	33	40	0
62678	7	40	0
62681	40	40	0
62712	11	40	0
62811	2	40	0
62848	40	40	0
62861	5	40	0
62864	6	40	0
62875	40	40	0
62933	40	40	0
62994	34	40	0
63013	40	40	0
63022	22	40	0
63033	40	40	0
63038	40	40	0
63107	34	40	0
63119	10	40	0
63164	6	40	0
63243	34	40	0
63325	6	40	0
63374	40	40	0
63377	6	40	0
63401	34	40	0
63410	34	40	0
63435	6	40	0
63500	40	40	0
63601	40	40	0
63616	7	40	0
63618	7	40	0
63626	7	40	0
63680	40	40	0
63700	40	40	0
63701	40	40	0
63714	7	40	0
63730	7	40	0
63756	40	40	0
63768	1	40	0
63781	33	40	0
63800	1	40	0
63856	11	40	0
63919	9	40	0
63949	7	40	0
63972	33	40	0
63982	7	40	0
64024	33	40	0
64052	40	40	0
64062	4	40	0
64069	7	40	0
64135	7	40	0
64149	40	40	0
64201	40	40	0
64226	7	40	0
64297	40	40	0
64299	33	40	0
64349	33	40	0
64413	6	40	0
64436	6	40	0
64439	6	40	0
64451	34	40	0
64474	6	40	0
64541	40	40	0
64583	6	40	0
64599	33	40	0
64622	6	40	0
64625	6	40	0
64644	40	40	0
64663	6	40	0
64702	6	40	0
64758	1	40	0
64762	34	40	0
64798	6	40	0
64799	6	40	0
64817	6	40	0
64874	3	40	0
64885	40	40	0
64988	5	40	0
64998	35	40	0
65142	35	40	0
65156	17	40	0
65168	35	40	0
65183	40	40	0
65195	35	40	0
65204	40	40	0
65205	5	40	0
65222	5	40	0
65236	5	40	0
65265	40	40	0
65308	5	40	0
65365	3	40	0
65394	5	40	0
65630	35	40	0
65638	40	40	0
65668	35	40	0
65671	40	40	0
65708	35	40	0
65712	35	40	0
65713	4	40	0
65733	5	40	0
65740	5	40	0
65751	5	40	0
65769	3	40	0
65820	6	40	0
65853	5	40	0
65882	35	40	0
65907	40	40	0
65920	5	40	0
65988	40	40	0
66026	5	40	0
66031	5	40	0
66059	35	40	0
66068	5	40	0
66078	35	40	0
66081	5	40	0
66109	10	40	0
66132	9	40	0
66158	5	40	0
66176	1	40	0
66203	5	40	0
66206	35	40	0
66215	35	40	0
66260	40	40	0
66265	23	40	0
66270	34	40	0
66288	6	40	0
66386	6	40	0
66442	34	40	0
66494	40	40	0
66498	34	40	0
66525	5	40	0
66527	35	40	0
66537	35	40	0
66541	5	40	0
66566	40	40	0
66591	5	40	0
66671	5	40	0
66674	1	40	0
66700	5	40	0
66778	5	40	0
66810	35	40	0
66825	4	40	0
66841	37	40	0
66849	37	40	0
66857	3	40	0
66972	37	40	0
66974	37	40	0
66996	1	40	0
67036	3	40	0
67057	40	40	0
67122	5	40	0
67172	35	40	0
67191	40	40	0
67243	36	40	0
67282	4	40	0
67361	40	40	0
67372	4	40	0
67382	40	40	0
67394	40	40	0
67433	5	40	0
67436	5	40	0
67448	5	40	0
67458	5	40	0
67465	3	40	0
67473	5	40	0
67504	5	40	0
67519	5	40	0
67522	40	40	0
67552	5	40	0
67558	40	40	0
67572	2	40	0
67578	31	40	0
67618	34	40	0
67636	5	40	0
67663	40	40	0
67704	5	40	0
67730	35	40	0
67765	35	40	0
67797	35	40	0
67888	5	40	0
67923	40	40	0
67927	30	40	0
67984	5	40	0
67997	40	40	0
68012	40	40	0
68015	40	40	0
68065	40	40	0
68092	11	40	0
68133	5	40	0
68166	12	40	0
68186	35	40	0
68242	21	40	0
68274	35	40	0
68327	35	40	0
68365	5	40	0
68388	40	40	0
68390	5	40	0
68394	5	40	0
68444	5	40	0
68586	5	40	0
68587	5	40	0
68600	5	40	0
68600	5	40	0
68648	35	40	0
68705	40	40	0
68709	35	40	0
68815	1	40	0
68828	1	40	0
68913	34	40	0
68913	34	40	0
68916	40	40	0
68952	6	40	0
68971	6	40	0
69012	34	40	0
69018	6	40	0
69060	2	40	0
69124	40	40	0
69158	6	40	0
69272	6	40	0
69348	6	40	0
69353	6	40	0
69355	34	40	0
69376	34	40	0
69409	6	40	0
69424	4	40	0
69470	40	40	0
69475	4	40	0
69479	36	40	0
69504	2	40	0
69615	40	40	0
69641	40	40	0
69642	40	40	0
69652	2	40	0
69682	40	40	0
69689	4	40	0
69719	36	40	0
69784	4	40	0
69827	40	40	0
69874	40	40	0
69879	40	40	0
69893	36	40	0
69909	1	40	0
69912	40	40	0
69916	40	40	0
69938	36	40	0
69991	40	40	0
70003	40	40	0
70047	36	40	0
70125	36	40	0
70125	40	40	0
70141	4	40	0
70175	40	40	0
70179	36	40	0
70202	7	40	0
70207	4	40	0
70229	4	40	0
70242	35	40	0
70261	4	40	0
70293	4	40	0
70303	40	40	0
70381	36	40	0
70410	1	40	0
70464	36	40	0
70541	4	40	0
70569	40	40	0
70592	2	40	0
70609	40	40	0
70626	4	40	0
70650	4	40	0
70708	40	40	0
70815	4	40	0
70829	40	40	0
70933	5	40	0
70936	5	40	0
70942	35	40	0
70952	35	40	0
71010	1	40	0
71017	5	40	0
71022	5	40	0
71042	35	40	0
71050	35	40	0
71061	5	40	0
71075	5	40	0
71142	17	40	0
71200	35	40	0
71297	35	40	0
71305	5	40	0
71318	5	40	0
71322	40	40	0
71357	35	40	0
71362	5	40	0
71404	40	40	0
71406	5	40	0
71408	40	40	0
71443	1	40	0
71500	6	40	0
71555	5	40	0
71563	1	40	0
71587	5	40	0
71614	40	40	0
71638	5	40	0
71649	4	40	0
71679	5	40	0
71734	30	40	0
71769	1	40	0
71791	35	40	0
71821	35	40	0
71829	5	40	0
71868	40	40	0
71875	5	40	0
71887	5	40	0
71904	5	40	0
72006	5	40	0
72018	34	40	0
72081	34	40	0
72119	40	40	0
72157	34	40	0
72159	6	40	0
72264	4	40	0
72271	5	40	0
72304	40	40	0
72319	35	40	0
72339	40	40	0
72355	16	40	0
72366	5	40	0
72459	35	40	0
72460	15	40	0
72478	15	40	0
72487	40	40	0
72492	35	40	0
72558	35	40	0
72563	5	40	0
72570	40	40	0
72589	5	40	0
72616	10	40	0
72695	5	40	0
72726	5	40	0
72768	5	40	0
72782	35	40	0
72865	40	40	0
72877	36	40	0
72888	36	40	0
72894	4	40	0
72937	20	40	0
72943	40	40	0
73020	40	40	0
73032	8	40	0
73036	4	40	0
73072	37	40	0
73134	6	40	0
73135	37	40	0
73198	37	40	0
73226	6	40	0
73344	38	40	0
73359	2	40	0
73395	2	40	0
73437	3	40	0
73445	1	40	0
73470	3	40	0
73519	1	40	0
73529	40	40	0
73529	3	40	0
73545	40	40	0
73633	37	40	0
73660	2	40	0
73689	37	40	0
73723	2	40	0
73762	37	40	0
73805	37	40	0
73901	3	40	0
73970	3	40	0
73980	37	40	0
73987	40	40	0
74037	3	40	0
74074	14	40	0
74086	37	40	0
74122	40	40	0
74142	37	40	0
74230	3	40	0
74255	40	40	0
74268	40	40	0
74281	40	40	0
74281	37	40	0
74297	3	40	0
74311	37	40	0
74358	37	40	0
74380	3	40	0
74396	36	40	0
74411	36	40	0
74416	28	40	0
74434	36	40	0
74500	8	40	0
74514	37	40	0
74519	3	40	0
74540	3	40	0
74567	1	40	0
74571	37	40	0
74606	40	40	0
74633	3	40	0
74659	37	40	0
74678	5	40	0
74688	40	40	0
74739	37	40	0
74784	37	40	0
74824	3	40	0
74853	37	40	0
74900	40	40	0
74923	13	40	0
74991	37	40	0
75018	3	40	0
75033	37	40	0
75093	3	40	0
75163	40	40	0
75186	4	40	0
75216	40	40	0
75234	40	40	0
75237	36	40	0
75249	12	40	0
75256	36	40	0
75256	40	40	0
75348	4	40	0
75444	4	40	0
75454	36	40	0
75464	2	40	0
75483	40	40	0
75536	36	40	0
75571	40	40	0
75576	40	40	0
75591	18	40	0
75603	40	40	0
75664	35	40	0
75692	5	40	0
75753	40	40	0
75775	37	40	0
75795	14	40	0
75802	3	40	0
75831	22	40	0
75871	9	40	0
75956	3	40	0
75975	24	40	0
75978	3	40	0
75987	37	40	0
75991	3	40	0
76019	40	40	0
76138	5	40	0
76181	40	40	0
76186	37	40	0
76201	40	40	0
76247	39	40	0
76288	40	40	0
76303	1	40	0
76367	1	40	0
76396	32	40	0
76404	1	40	0
76451	2	40	0
76463	40	40	0
76481	38	40	0
76501	38	40	0
76529	38	40	0
76541	1	40	0
76547	40	40	0
76597	40	40	0
76620	38	40	0
76640	38	40	0
76654	40	40	0
76656	2	40	0
76695	2	40	0
76714	38	40	0
76750	38	40	0
76856	2	40	0
76890	38	40	0
76944	25	40	0
76954	2	40	0
77015	38	40	0
77089	40	40	0
77095	2	40	0
77135	40	40	0
77160	38	40	0
77175	40	40	0
77191	38	40	0
77197	2	40	0
77226	19	40	0
77248	40	40	0
77250	2	40	0
77251	38	40	0
77284	38	40	0
77286	5	40	0
77297	3	40	0
77309	5	40	0
77392	40	40	0
77427	40	40	0
77501	2	40	0
77551	40	40	0
77556	40	40	0
77683	2	40	0
77739	38	40	0
77770	38	40	0
77777	40	40	0
77842	2	40	0
77853	40	40	0
77887	40	40	0
77913	37	40	0
77930	37	40	0
77935	3	40	0
77953	40	40	0
77954	13	40	0
77978	40	40	0
77978	37	40	0
77990	37	40	0
77994	40	40	0
78001	3	40	0
78019	3	40	0
78073	37	40	0
78107	40	40	0
78146	3	40	0
78147	37	40	0
78160	3	40	0
78161	3	40	0
78177	3	40	0
78212	3	40	0
78237	40	40	0
78292	3	40	0
78293	5	40	0
78352	3	40	0
78367	37	40	0
78374	37	40	0
78459	3	40	0
78475	3	40	0
78585	40	40	0
78592	40	40	0
78778	40	40	0
78797	3	40	0
78819	33	40	0
78831	3	40	0
78834	37	40	0
78866	37	40	0
78918	3	40	0
78964	2	40	0
78971	3	40	0
78983	37	40	0
79010	37	40	0
79097	3	40	0
79225	37	40	0
79319	3	40	0
79372	3	40	0
79592	2	40	0
79613	2	40	0
79621	38	40	0
79636	38	40	0
79656	38	40	0
79709	38	40	0
79832	2	40	0
79845	2	40	0
79885	2	40	0
79931	2	40	0
80011	38	40	0
80050	38	40	0
80124	3	40	0
80129	2	40	0
80166	38	40	0
80290	2	40	0
80323	39	40	0
80330	1	40	0
80335	1	40	0
80348	1	40	0
80366	1	40	0
80420	16	40	0
80434	39	40	0
80434	1	40	0
80467	1	40	0
80542	39	40	0
80560	20	40	0
80573	40	40	0
80614	1	40	0
80622	40	40	0
80638	12	40	0
80704	39	40	0
80712	3	40	0
80753	40	40	0
80765	40	40	0
80794	1	40	0
80822	39	40	0
80862	40	40	0
80976	1	40	0
81013	5	40	0
81023	1	40	0
81133	40	40	0
81137	1	40	0
81142	1	40	0
81159	40	40	0
81176	40	40	0
81179	40	40	0
81190	27	40	0
81281	39	40	0
81282	40	40	0
81303	39	40	0
81412	1	40	0
81480	1	40	0
81598	1	40	0
81626	25	40	0
81629	39	40	0
81683	40	40	0
81720	11	40	0
81785	40	40	0
81818	40	40	0
81837	40	40	0
81868	1	40	0
81888	39	40	0
81916	40	40	0
82008	1	40	0
82020	40	40	0
82041	1	40	0
82157	40	40	0
82184	31	40	0
82234	40	40	0
82311	4	40	0
82313	1	40	0
82372	39	40	0
82401	40	40	0
82420	20	40	0
82426	40	40	0
82438	39	40	0
82442	1	40	0
82495	39	40	0
82503	1	40	0
82603	39	40	0
82652	1	40	0
82658	1	40	0
82793	40	40	0
82801	40	40	0
82817	39	40	0
82827	39	40	0
82861	24	40	0
82885	24	40	0
82911	40	40	0
82916	39	40	0
82947	11	40	0
83009	4	40	0
83088	39	40	0
83088	39	40	0
83093	40	40	0
83148	40	40	0
83160	1	40	0
83163	39	40	0
83196	39	40	0
83203	1	40	0
83267	1	40	0
83303	39	40	0
83306	2	40	0
83312	40	40	0
83331	39	40	0
83362	1	40	0
83369	27	40	0
83375	3	40	0
83376	40	40	0
83404	40	40	0
83424	1	40	0
83559	39	40	0
83573	2	40	0
83605	40	40	0
83606	39	40	0
83703	40	40	0
83715	2	40	0
83729	39	40	0
83771	1	40	0
83773	39	40	0
83799	2	40	0
83838	39	40	0
83852	39	40	0
83855	1	40	0
83877	39	40	0
83881	39	40	0
83884	39	40	0
83906	39	40	0
83928	1	40	0
83944	39	40	0
83978	30	40	0
84011	40	40	0
84036	14	40	0
84040	40	40	0
84056	1	40	0
84173	6	40	0
84200	40	40	0
84211	8	40	0
84273	39	40	0
84273	13	40	0
84377	8	40	0
84380	1	40	0
84382	39	40	0
84387	39	40	0
84405	8	40	0
84427	1	40	0
84550	40	40	0
84576	1	40	0
84617	39	40	0
84632	40	40	0
84663	22	40	0
84691	1	40	0
84703	1	40	0
84710	1	40	0
84733	1	40	0
84762	2	40	0
84791	40	40	0
84802	4	40	0
84807	1	40	0
84857	39	40	0
84870	7	40	0
84912	1	40	0
84987	1	40	0
84991	1	40	0
84996	1	40	0
85041	40	40	0
85075	39	40	0
85090	40	40	0
85101	40	40	0
85160	39	40	0
85199	1	40	0
85213	39	40	0
85221	1	40	0
85239	1	40	0
85247	40	40	0
85256	2	40	0
85285	39	40	0
85291	1	40	0
85307	39	40	0
85332	1	40	0
85344	39	40	0
85373	1	40	0
85382	39	40	0
85422	39	40	0
85430	1	40	0
85441	3	40	0
85447	39	40	0
85486	40	40	0
85498	39	40	0
85562	7	40	0
85579	39	40	0
85656	40	40	0
85657	37	40	0
85691	1	40	0
85691	1	40	0
85718	1	40	0
85740	39	40	0
85754	1	40	0
85789	38	40	0
85837	40	40	0
85847	1	40	0
85920	38	40	0
85920	2	40	0
85935	24	40	0
85976	25	40	0
85982	1	40	0
85995	40	40	0
86015	5	40	0
86042	21	40	0
86048	11	40	0
86048	2	40	0
86059	40	40	0
86078	38	40	0
86108	38	40	0
86122	2	40	0
86129	1	40	0
86170	1	40	0
86174	37	40	0
86180	38	40	0
86328	6	40	0
86334	2	40	0
86337	3	40	0
86348	2	40	0
86356	2	40	0
86429	38	40	0
86533	5	40	0
86537	2	40	0
86553	40	40	0
86594	2	40	0
86599	2	40	0
86609	40	40	0
86622	40	40	0
86649	2	40	0
86670	2	40	0
86674	2	40	0
86751	2	40	0
86765	40	40	0
86801	2	40	0
86895	38	40	0
86902	2	40	0
86925	38	40	0
86946	40	40	0
87005	40	40	0
87014	40	40	0
87021	38	40	0
87057	38	40	0
87063	1	40	0
87065	2	40	0
87116	2	40	0
87204	38	40	0
87215	24	40	0
87221	2	40	0
87280	38	40	0
87302	40	40	0
87303	38	40	0
87349	2	40	0
87429	38	40	0
87432	40	40	0
87437	3	40	0
87457	38	40	0
87475	38	40	0
87523	38	40	0
87633	40	40	0
87635	40	40	0
87640	40	40	0
87687	2	40	0
87689	10	40	0
87695	40	40	0
87755	40	40	0
87756	2	40	0
87768	5	40	0
87831	40	40	0
87925	38	40	0
87937	38	40	0
87955	38	40	0
87960	40	40	0
88041	2	40	0
88064	38	40	0
88067	40	40	0
88199	2	40	0
88206	38	40	0
88210	38	40	0
88215	2	40	0
88221	2	40	0
88252	4	40	0
88271	40	40	0
88285	40	40	0
88338	2	40	0
88339	40	40	0
88348	2	40	0
88366	38	40	0
88520	4	40	0
88564	40	40	0
88588	1	40	0
88590	1	40	0
88604	39	40	0
88617	39	40	0
88620	40	40	0
88664	39	40	0
88795	1	40	0
88836	4	40	0
88836	4	40	0
88890	40	40	0
88959	38	40	0
89000	1	40	0
89024	2	40	0
89063	38	40	0
89069	40	40	0
89104	38	40	0
89171	40	40	0
89205	40	40	0
89261	15	40	0
89273	2	40	0
89276	38	40	0
89351	1	40	0
89357	38	40	0
89381	38	40	0
89400	38	40	0
89507	2	40	0
89553	40	40	0
89662	2	40	0
89698	22	40	0
89708	22	40	0
89710	2	40	0
89767	2	40	0
89770	1	40	0
89773	31	40	0
89781	2	40	0
89819	2	40	0
89848	38	40	0
89919	38	40	0
89923	38	40	0
90015	5	40	0
90168	40	40	0
90261	1	40	0
90274	40	40	0
90309	40	40	0
90320	5	40	0
90363	40	40	0
90392	2	40	0
90400	11	40	0
90437	40	40	0
90469	40	40	0
90477	40	40	0
90492	40	40	0
90541	1	40	0
90558	40	40	0
90598	40	40	0
90641	40	40	0
90663	1	40	0
90720	39	40	0
90769	1	40	0
90787	40	40	0
90829	1	40	0
90837	1	40	0
90909	39	40	0
90921	1	40	0
91002	1	40	0
91024	39	40	0
91062	40	40	0
91069	1	40	0
91071	1	40	0
91084	1	40	0
91118	39	40	0
91155	1	40	0
91236	1	40	0
91241	40	40	0
91264	39	40	0
91290	40	40	0
91367	1	40	0
91369	39	40	0
91379	3	40	0
91386	26	40	0
91451	1	40	0
91518	30	40	0
91549	40	40	0
91566	1	40	0
91594	40	40	0
91614	1	40	0
91624	1	40	0
91674	1	40	0
91700	3	40	0
91702	39	40	0
91709	3	40	0
91780	1	40	0
91789	1	40	0
91819	3	40	0
91826	1	40	0
91835	28	40	0
91846	8	40	0
91857	39	40	0
91866	1	40	0
91879	8	40	0
91880	8	40	0
91897	1	40	0
91935	31	40	0
91935	27	40	0
91943	8	40	0
91963	40	40	0
91987	40	40	0
91987	39	40	0
92061	38	40	0
92092	39	40	0
92107	40	40	0
92131	5	40	0
92145	39	40	0
92168	1	40	0
92194	40	40	0
92196	40	40	0
92209	1	40	0
92221	1	40	0
92319	39	40	0
92357	1	40	0
92401	16	40	0
92408	6	40	0
92419	40	40	0
92421	39	40	0
92471	2	40	0
92523	39	40	0
92543	39	40	0
92621	2	40	0
92626	1	40	0
92630	40	40	0
92639	40	40	0
92892	39	40	0
92963	17	40	0
92988	40	40	0
93161	40	40	0
93260	40	40	0
93327	40	40	0
93348	39	40	0
93397	1	40	0
93424	15	40	0
93503	1	40	0
93524	40	40	0
93634	39	40	0
93712	39	40	0
93731	40	40	0
93790	24	40	0
93832	40	40	0
93840	40	40	0
93847	40	40	0
93884	39	40	0
93933	6	40	0
93958	1	40	0
93982	40	40	0
94005	1	40	0
94009	6	40	0
94053	39	40	0
94129	40	40	0
94151	39	40	0
94210	39	40	0
94212	40	40	0
94227	40	40	0
94284	1	40	0
94373	39	40	0
94415	40	40	0
94437	3	40	0
94458	38	40	0
94477	8	40	0
94509	38	40	0
94551	5	40	0
94619	2	40	0
94717	2	40	0
94748	5	40	0
94750	40	40	0
94817	38	40	0
94835	38	40	0
94838	40	40	0
94848	38	40	0
94870	40	40	0
94885	40	40	0
94938	40	40	0
94950	38	40	0
95028	16	40	0
95141	40	40	0
95153	38	40	0
95215	1	40	0
95225	39	40	0
95251	7	40	0
95254	39	40	0
95329	7	40	0
95349	39	40	0
95376	38	40	0
95415	1	40	0
95416	2	40	0
95424	2	40	0
95460	1	40	0
95523	3	40	0
95565	39	40	0
95643	40	40	0
95692	39	40	0
95733	39	40	0
95733	1	40	0
95746	39	40	0
95749	39	40	0
95761	1	40	0
95767	1	40	0
95793	40	40	0
95797	1	40	0
95808	1	40	0
95836	1	40	0
95858	40	40	0
95859	40	40	0
95868	39	40	0
95870	40	40	0
95888	2	40	0
95928	39	40	0
96035	39	40	0
96092	39	40	0
96098	1	40	0
96116	3	40	0
96119	1	40	0
96122	1	40	0
96146	39	40	0
96217	39	40	0
96246	40	40	0
96302	40	40	0
96314	39	40	0
96358	6	40	0
96376	37	40	0
96440	2	40	0
96469	1	40	0
96479	1	40	0
96487	40	40	0
96541	40	40	0
96546	40	40	0
96660	39	40	0
96693	40	40	0
96719	1	40	0
96723	39	40	0
96724	1	40	0
96734	40	40	0
96735	39	40	0
96752	2	40	0
96780	30	40	0
96795	1	40	0
96810	1	40	0
96825	39	40	0
96853	39	40	0
96909	39	40	0
96957	1	40	0
96990	1	40	0
96996	40	40	0
97094	1	40	0
97166	39	40	0
97177	39	40	0
97193	39	40	0
97194	1	40	0
97201	1	40	0
97264	39	40	0
97311	39	40	0
97334	1	40	0
97377	1	40	0
97406	39	40	0
97418	1	40	0
97419	40	40	0
97438	1	40	0
97451	1	40	0
97463	1	40	0
97466	39	40	0
97470	15	40	0
97530	39	40	0
97601	39	40	0
97613	39	40	0
97638	39	40	0
97645	40	40	0
97718	3	40	0
97727	1	40	0
97734	1	40	0
97752	39	40	0
97771	40	40	0
97786	39	40	0
97831	39	40	0
97838	39	40	0
97860	39	40	0
97862	1	40	0
97979	40	40	0
97984	1	40	0
98006	40	40	0
98008	40	40	0
98080	40	40	0
98103	39	40	0
98103	1	40	0
98164	39	40	0
98165	1	40	0
98196	1	40	0
98230	39	40	0
98297	1	40	0
98307	3	40	0
98368	40	40	0
98460	40	40	0
98489	1	40	0
98679	40	40	0
98680	1	40	0
98704	40	40	0
98741	40	40	0
98763	39	40	0
98800	39	40	0
98831	1	40	0
98937	40	40	0
98939	1	40	0
98955	7	40	0
98998	1	40	0
99057	40	40	0
99086	39	40	0
99141	2	40	0
99152	39	40	0
99170	39	40	0
99215	40	40	0
99215	40	40	0
99350	40	40	0
99357	40	40	0
99361	1	40	0
99365	40	40	0
99411	40	40	0
99450	40	40	0
99458	40	40	0
99459	40	40	0
99467	3	40	0
99468	1	40	0
99515	40	40	0
99534	40	40	0
99552	40	40	0
99560	40	40	0
99571	40	40	0
99668	40	40	0
99717	40	40	0
99752	40	40	0
99760	4	40	0
99794	40	40	0
99827	40	40	0
99830	40	40	0
99856	40	40	0
99944	40	40	0
99961	7	40	0
