position	x	n	folded
16	40	40	0
30	40	40	0
119	3	40	0
123	40	40	0
171	40	40	0
177	5	40	0
207	2	40	0
219	35	40	0
279	40	40	0
380	40	40	0
397	40	40	0
404	40	40	0
509	40	40	0
531	40	40	0
643	40	40	0
649	40	40	0
673	5	40	0
717	40	40	0
749	40	40	0
785	8	40	0
790	40	40	0
894	40	40	0
896	10	40	0
1000	40	40	0
1002	40	40	0
1070	40	40	0
1072	40	40	0
1077	40	40	0
1085	2	40	0
1108	2	40	0
1127	40	40	0
1141	40	40	0
1327	40	40	0
1367	40	40	0
1396	40	40	0
1442	40	40	0
1474	5	40	0
1476	40	40	0
1497	40	40	0
1542	40	40	0
1568	3	40	0
1669	18	40	0
1698	40	40	0
1709	40	40	0
1722	1	40	0
1736	40	40	0
1783	40	40	0
1794	40	40	0
1814	40	40	0
1890	40	40	0
1904	40	40	0
1917	40	40	0
1930	40	40	0
2057	40	40	0
2067	40	40	0
2230	31	40	0
2248	40	40	0
2254	40	40	0
2429	1	40	0
2437	40	40	0
2475	4	40	0
2554	40	40	0
2583	5	40	0
2601	40	40	0
2616	1	40	0
2626	40	40	0
2742	9	40	0
2836	7	40	0
2888	21	40	0
2981	40	40	0
3019	40	40	0
3126	40	40	0
3137	40	40	0
3271	40	40	0
3308	3	40	0
3313	40	40	0
3338	40	40	0
3382	40	40	0
3411	40	40	0
3434	40	40	0
3453	40	40	0
3491	40	40	0
3496	40	40	0
3506	40	40	0
3569	40	40	0
3598	20	40	0
3641	40	40	0
3686	40	40	0
3808	40	40	0
3817	40	40	0
3895	40	40	0
3918	4	40	0
4069	7	40	0
4088	40	40	0
4099	5	40	0
4160	33	40	0
4184	1	40	0
4220	40	40	0
4223	40	40	0
4236	19	40	0
4262	40	40	0
4365	40	40	0
4369	40	40	0
4383	40	40	0
4432	40	40	0
4517	3	40	0
4526	40	40	0
4549	40	40	0
4592	40	40	0
4610	40	40	0
4647	40	40	0
4721	40	40	0
4818	40	40	0
4837	40	40	0
4847	40	40	0
4848	40	40	0
4849	40	40	0
5017	40	40	0
5023	40	40	0
5094	40	40	0
5104	40	40	0
5122	14	40	0
5143	40	40	0
5191	40	40	0
5299	40	40	0
5316	40	40	0
5332	40	40	0
5347	9	40	0
5348	40	40	0
5376	21	40	0
5395	40	40	0
5401	40	40	0
5408	33	40	0
5474	22	40	0
5543	40	40	0
5545	40	40	0
5668	40	40	0
5689	40	40	0
5716	40	40	0
5754	40	40	0
5784	40	40	0
5845	10	40	0
5914	40	40	0
6040	40	40	0
6104	1	40	0
6269	40	40	0
6282	40	40	0
6315	19	40	0
6388	21	40	0
6416	40	40	0
6461	40	40	0
6473	40	40	0
6512	40	40	0
6522	6	40	0
6530	40	40	0
6555	40	40	0
6556	40	40	0
6621	40	40	0
6632	40	40	0
6648	36	40	0
6652	40	40	0
6656	40	40	0
6662	40	40	0
6751	8	40	0
6783	40	40	0
6787	40	40	0
6961	40	40	0
6977	40	40	0
7074	40	40	0
7146	3	40	0
7203	5	40	0
7231	6	40	0
7280	1	40	0
7325	40	40	0
7353	2	40	0
7356	40	40	0
7405	40	40	0
7472	10	40	0
7525	40	40	0
7563	19	40	0
7625	40	40	0
7664	1	40	0
7783	40	40	0
7816	40	40	0
7859	40	40	0
7936	40	40	0
7958	30	40	0
7975	40	40	0
8029	40	40	0
8071	40	40	0
8095	40	40	0
8153	40	40	0
8170	40	40	0
8191	40	40	0
8295	5	40	0
8316	1	40	0
8376	5	40	0
8390	5	40	0
8430	40	40	0
8460	40	40	0
8468	40	40	0
8562	40	40	0
8574	40	40	0
8587	40	40	0
8612	40	40	0
8683	4	40	0
8723	40	40	0
8789	40	40	0
8803	40	40	0
8827	40	40	0
8903	40	40	0
8919	40	40	0
8929	40	40	0
8957	40	40	0
8974	2	40	0
8998	40	40	0
9030	40	40	0
9086	40	40	0
9111	40	40	0
9177	40	40	0
9253	15	40	0
9274	40	40	0
9326	40	40	0
9396	40	40	0
9434	40	40	0
9442	4	40	0
9476	1	40	0
9478	40	40	0
9564	40	40	0
9674	40	40	0
9712	40	40	0
9726	40	40	0
9728	40	40	0
9755	40	40	0
9786	40	40	0
9934	40	40	0
9938	40	40	0
10067	40	40	0
10100	40	40	0
10173	40	40	0
10423	1	40	0
10589	4	40	0
10639	40	40	0
10660	40	40	0
10688	40	40	0
10691	40	40	0
10704	40	40	0
10715	7	40	0
10722	40	40	0
10758	7	40	0
10818	40	40	0
10829	40	40	0
10961	1	40	0
11051	40	40	0
11071	40	40	0
11125	40	40	0
11147	40	40	0
11238	6	40	0
11262	40	40	0
11288	3	40	0
11298	40	40	0
11491	40	40	0
11519	3	40	0
11573	40	40	0
11607	4	40	0
11689	40	40	0
11696	1	40	0
11709	40	40	0
11719	40	40	0
11753	40	40	0
11758	40	40	0
11846	18	40	0
12042	40	40	0
12051	40	40	0
12139	40	40	0
12297	40	40	0
12299	40	40	0
12361	3	40	0
12405	40	40	0
12442	40	40	0
12444	40	40	0
12492	40	40	0
12497	3	40	0
12529	40	40	0
12632	40	40	0
12652	39	40	0
12653	2	40	0
12774	4	40	0
12782	39	40	0
12848	39	40	0
12859	1	40	0
12917	40	40	0
12945	40	40	0
12948	39	40	0
12990	4	40	0
13016	26	40	0
13022	39	40	0
13055	1	40	0
13081	1	40	0
13138	1	40	0
13139	14	40	0
13186	3	40	0
13197	40	40	0
13233	39	40	0
13246	1	40	0
13246	1	40	0
13259	6	40	0
13260	2	40	0
13272	2	40	0
13294	40	40	0
13305	2	40	0
13372	40	40	0
13398	38	40	0
13419	38	40	0
13449	7	40	0
13494	40	40	0
13506	2	40	0
13520	38	40	0
13543	4	40	0
13558	2	40	0
13596	5	40	0
13650	2	40	0
13651	2	40	0
13680	2	40	0
13682	40	40	0
13683	40	40	0
13714	40	40	0
13745	1	40	0
13770	38	40	0
13835	2	40	0
13857	40	40	0
13866	2	40	0
13887	2	40	0
13927	38	40	0
13966	3	40	0
13978	38	40	0
13988	38	40	0
13993	23	40	0
14047	2	40	0
14050	38	40	0
14054	2	40	0
14075	40	40	0
14092	2	40	0
14095	18	40	0
14140	38	40	0
14154	2	40	0
14199	40	40	0
14204	5	40	0
14215	40	40	0
14247	3	40	0
14255	37	40	0
14333	37	40	0
14354	3	40	0
14359	37	40	0
14359	40	40	0
14408	37	40	0
14417	40	40	0
14420	40	40	0
14434	4	40	0
14521	3	40	0
14556	37	40	0
14575	3	40	0
14596	37	40	0
14616	37	40	0
14623	40	40	0
14689	3	40	0
14770	37	40	0
14789	40	40	0
14828	40	40	0
14842	3	40	0
14862	3	40	0
14865	40	40	0
14873	40	40	0
14883	3	40	0
14899	37	40	0
14920	37	40	0
14994	3	40	0
15005	3	40	0
15017	37	40	0
15032	3	40	0
15066	1	40	0
15070	3	40	0
15091	3	40	0
15131	40	40	0
15184	37	40	0
15207	3	40	0
15226	40	40	0
15260	3	40	0
15262	40	40	0
15267	3	40	0
15278	40	40	0
15309	20	40	0
15324	3	40	0
15395	40	40	0
15417	37	40	0
15429	3	40	0
15454	37	40	0
15549	40	40	0
15581	3	40	0
15613	40	40	0
15631	37	40	0
15647	40	40	0
15653	3	40	0
15659	3	40	0
15668	37	40	0
15707	3	40	0
15715	37	40	0
15747	40	40	0
15751	37	40	0
15754	3	40	0
15760	17	40	0
15784	3	40	0
15828	37	40	0
15858	1	40	0
15862	3	40	0
15976	40	40	0
16039	37	40	0
16047	40	40	0
16098	40	40	0
16130	40	40	0
16140	40	40	0
16191	40	40	0
16225	1	40	0
16282	39	40	0
16338	40	40	0
16344	1	40	0
16356	1	40	0
16396	40	40	0
16431	1	40	0
16505	39	40	0
16537	2	40	0
16603	1	40	0
16603	1	40	0
16656	1	40	0
16663	1	40	0
16672	39	40	0
16691	39	40	0
16803	21	40	0
16824	1	40	0
16835	3	40	0
16963	1	40	0
17031	40	40	0
17045	40	40	0
17055	1	40	0
17076	1	40	0
17145	1	40	0
17227	1	40	0
17245	39	40	0
17278	40	40	0
17372	1	40	0
17421	40	40	0
17444	1	40	0
17448	2	40	0
17448	39	40	0
17515	1	40	0
17532	1	40	0
17545	1	40	0
17562	40	40	0
17564	39	40	0
17587	40	40	0
17626	9	40	0
17670	1	40	0
17796	1	40	0
17806	39	40	0
17845	1	40	0
17877	39	40	0
17892	39	40	0
17932	39	40	0
17962	9	40	0
17995	1	40	0
18034	1	40	0
18081	40	40	0
18085	40	40	0
18119	1	40	0
18143	39	40	0
18152	1	40	0
18153	39	40	0
18168	39	40	0
18229	1	40	0
18272	39	40	0
18277	39	40	0
18337	3	40	0
18337	40	40	0
18349	39	40	0
18374	1	40	0
18383	39	40	0
18424	34	40	0
18466	39	40	0
18470	1	40	0
18492	39	40	0
18510	39	40	0
18514	40	40	0
18518	1	40	0
18592	39	40	0
18613	39	40	0
18730	40	40	0
18735	5	40	0
18761	20	40	0
18781	40	40	0
18790	1	40	0
18805	21	40	0
18810	39	40	0
18861	40	40	0
18877	40	40	0
18934	39	40	0
19052	39	40	0
19107	39	40	0
19125	1	40	0
19133	1	40	0
19144	1	40	0
19156	5	40	0
19212	1	40	0
19297	1	40	0
19299	5	40	0
19300	1	40	0
19321	1	40	0
19332	1	40	0
19339	1	40	0
19373	39	40	0
19565	1	40	0
19576	29	40	0
19581	40	40	0
19598	1	40	0
19600	1	40	0
19620	1	40	0
19621	1	40	0
19810	16	40	0
19813	1	40	0
19852	1	40	0
19863	1	40	0
19900	39	40	0
20028	39	40	0
20051	40	40	0
20061	39	40	0
20063	40	40	0
20084	1	40	0
20126	1	40	0
20199	40	40	0
20203	40	40	0
20210	9	40	0
20242	26	40	0
20260	1	40	0
20436	5	40	0
20443	17	40	0
20456	39	40	0
20477	1	40	0
20594	40	40	0
20598	1	40	0
20649	1	40	0
20734	1	40	0
20838	40	40	0
20862	40	40	0
20876	6	40	0
20886	1	40	0
20893	39	40	0
20937	1	40	0
20989	39	40	0
21042	2	40	0
21102	39	40	0
21105	2	40	0
21155	40	40	0
21209	40	40	0
21222	39	40	0
21285	1	40	0
21353	1	40	0
21420	1	40	0
21471	1	40	0
21511	1	40	0
21637	39	40	0
21667	39	40	0
21669	1	40	0
21899	39	40	0
21904	40	40	0
21952	39	40	0
21961	40	40	0
21976	1	40	0
21983	1	40	0
21990	40	40	0
22013	39	40	0
22069	40	40	0
22170	40	40	0
22359	40	40	0
22553	40	40	0
22650	40	40	0
22894	2	40	0
22923	40	40	0
22957	40	40	0
23031	40	40	0
23125	40	40	0
23136	11	40	0
23213	40	40	0
23279	2	40	0
23317	40	40	0
23318	40	40	0
23326	40	40	0
23428	2	40	0
23451	40	40	0
23499	23	40	0
23529	40	40	0
23559	40	40	0
23855	7	40	0
23860	40	40	0
23899	40	40	0
24080	14	40	0
24204	40	40	0
24321	1	40	0
24334	2	40	0
24449	27	40	0
24508	40	40	0
24550	40	40	0
24564	40	40	0
24649	22	40	0
24664	3	40	0
24694	40	40	0
24785	40	40	0
24788	40	40	0
24798	4	40	0
24841	8	40	0
24968	40	40	0
25022	40	40	0
25083	40	40	0
25162	40	40	0
25163	40	40	0
25207	40	40	0
25256	7	40	0
25258	40	40	0
25400	3	40	0
25404	40	40	0
25415	40	40	0
25470	1	40	0
25506	40	40	0
25610	40	40	0
25650	40	40	0
25666	40	40	0
25699	8	40	0
25747	40	40	0
25750	1	40	0
25764	40	40	0
25883	31	40	0
25943	40	40	0
25970	40	40	0
26035	40	40	0
26169	15	40	0
26219	2	40	0
26255	40	40	0
26466	40	40	0
26526	40	40	0
26589	40	40	0
26653	1	40	0
26659	1	40	0
26702	40	40	0
26721	40	40	0
26756	40	40	0
26912	40	40	0
26941	40	40	0
27010	2	40	0
27011	40	40	0
27066	3	40	0
27122	5	40	0
27138	40	40	0
27255	40	40	0
27270	40	40	0
27342	40	40	0
27371	15	40	0
27387	7	40	0
27445	40	40	0
27450	40	40	0
27488	40	40	0
27563	40	40	0
27869	40	40	0
27930	40	40	0
27974	3	40	0
27992	40	40	0
28034	40	40	0
28049	40	40	0
28079	40	40	0
28096	40	40	0
28273	40	40	0
28283	40	40	0
28296	40	40	0
28392	17	40	0
28477	40	40	0
28542	40	40	0
28630	40	40	0
28644	40	40	0
28674	40	40	0
28698	22	40	0
28764	40	40	0
28765	9	40	0
28892	40	40	0
28915	40	40	0
28940	40	40	0
29021	7	40	0
29061	40	40	0
29069	6	40	0
29196	2	40	0
29246	40	40	0
29303	27	40	0
29388	40	40	0
29444	1	40	0
29486	25	40	0
29527	40	40	0
29545	40	40	0
29607	40	40	0
29627	40	40	0
29627	15	40	0
29634	40	40	0
29683	40	40	0
29684	1	40	0
29698	6	40	0
29703	26	40	0
29721	40	40	0
29747	40	40	0
29751	1	40	0
29849	40	40	0
29862	19	40	0
29883	40	40	0
29928	2	40	0
29979	40	40	0
30103	35	40	0
30138	3	40	0
30252	40	40	0
30327	40	40	0
30367	40	40	0
30384	40	40	0
30389	40	40	0
30426	40	40	0
30454	40	40	0
30525	40	40	0
30542	7	40	0
30555	40	40	0
30653	40	40	0
30694	40	40	0
30750	40	40	0
30825	40	40	0
30996	4	40	0
31070	40	40	0
31071	10	40	0
31134	6	40	0
31208	11	40	0
31294	6	40	0
31441	40	40	0
31507	9	40	0
31509	40	40	0
31514	40	40	0
31594	9	40	0
31625	40	40	0
31640	40	40	0
31679	40	40	0
31687	1	40	0
31696	2	40	0
31701	2	40	0
31735	40	40	0
31742	13	40	0
31911	22	40	0
31997	40	40	0
32048	11	40	0
32062	22	40	0
32085	40	40	0
32087	40	40	0
32109	5	40	0
32156	36	40	0
32202	1	40	0
32241	40	40	0
32244	40	40	0
32283	40	40	0
32306	40	40	0
32345	40	40	0
32380	3	40	0
32517	40	40	0
32548	1	40	0
32557	12	40	0
32765	40	40	0
32775	30	40	0
32777	40	40	0
32816	30	40	0
32843	30	40	0
32850	10	40	0
32897	40	40	0
32955	22	40	0
32977	40	40	0
32978	40	40	0
32980	7	40	0
33033	7	40	0
33050	7	40	0
33065	3	40	0
33100	40	40	0
33209	40	40	0
33211	9	40	0
33236	6	40	0
33434	40	40	0
33492	40	40	0
33531	40	40	0
33573	40	40	0
33749	40	40	0
33808	40	40	0
33833	40	40	0
33924	16	40	0
33944	40	40	0
33976	40	40	0
34028	40	40	0
34033	2	40	0
34065	40	40	0
34096	40	40	0
34156	40	40	0
34207	1	40	0
34238	40	40	0
34327	17	40	0
34341	18	40	0
34370	40	40	0
34400	40	40	0
34429	1	40	0
34468	6	40	0
34484	40	40	0
34503	40	40	0
34524	40	40	0
34531	40	40	0
34545	40	40	0
34620	40	40	0
34623	40	40	0
34655	40	40	0
34731	40	40	0
34794	1	40	0
34870	40	40	0
34926	40	40	0
34936	40	40	0
34964	40	40	0
34998	2	40	0
35017	40	40	0
35073	1	40	0
35074	40	40	0
35107	40	40	0
35124	40	40	0
35144	40	40	0
35229	20	40	0
35377	40	40	0
35380	40	40	0
35406	3	40	0
35420	40	40	0
35490	14	40	0
35582	28	40	0
35584	40	40	0
35702	40	40	0
35760	2	40	0
35822	40	40	0
35837	10	40	0
35841	40	40	0
35893	30	40	0
35970	40	40	0
36031	6	40	0
36073	40	40	0
36074	3	40	0
36247	3	40	0
36248	40	40	0
36254	7	40	0
36265	1	40	0
36289	1	40	0
36334	3	40	0
36398	40	40	0
36512	40	40	0
36555	40	40	0
36684	40	40	0
36724	4	40	0
36728	3	40	0
36765	4	40	0
36807	40	40	0
36841	40	40	0
36851	40	40	0
36861	40	40	0
36889	40	40	0
36945	40	40	0
36987	40	40	0
37199	2	40	0
37273	40	40	0
37289	40	40	0
37320	40	40	0
37328	40	40	0
37335	40	40	0
37336	40	40	0
37354	40	40	0
37366	5	40	0
37406	3	40	0
37473	40	40	0
37473	40	40	0
37495	4	40	0
37613	40	40	0
37817	1	40	0
37849	27	40	0
37925	40	40	0
37968	18	40	0
37988	15	40	0
38021	40	40	0
38023	40	40	0
38047	15	40	0
38099	40	40	0
38187	12	40	0
38214	40	40	0
38276	1	40	0
38277	40	40	0
38315	40	40	0
38461	40	40	0
38523	40	40	0
38525	40	40	0
38537	40	40	0
38592	1	40	0
38594	1	40	0
38602	40	40	0
38748	40	40	0
38789	1	40	0
38809	40	40	0
38874	40	40	0
39000	40	40	0
39344	40	40	0
39445	40	40	0
39465	40	40	0
39512	40	40	0
39922	9	40	0
39929	26	40	0
39982	40	40	0
40007	40	40	0
40082	40	40	0
40108	40	40	0
40115	40	40	0
40125	1	40	0
40232	40	40	0
40240	40	40	0
40305	3	40	0
40434	40	40	0
40444	40	40	0
40512	40	40	0
40557	40	40	0
40604	40	40	0
40647	40	40	0
40824	40	40	0
40835	5	40	0
40854	40	40	0
40915	40	40	0
40938	3	40	0
40997	1	40	0
41092	1	40	0
41148	40	40	0
41164	40	40	0
41342	18	40	0
41377	8	40	0
41403	40	40	0
41412	6	40	0
41419	40	40	0
41468	40	40	0
41476	40	40	0
41506	40	40	0
41514	40	40	0
41626	2	40	0
41646	26	40	0
41649	8	40	0
41676	40	40	0
41689	40	40	0
41746	40	40	0
41793	28	40	0
41800	40	40	0
41857	40	40	0
41861	40	40	0
41905	40	40	0
41936	40	40	0
41986	40	40	0
42011	40	40	0
42053	40	40	0
42056	40	40	0
42060	40	40	0
42095	40	40	0
42141	40	40	0
42284	40	40	0
42294	40	40	0
42336	40	40	0
42396	40	40	0
42425	40	40	0
42433	40	40	0
42502	12	40	0
42504	2	40	0
42520	40	40	0
42531	40	40	0
42544	40	40	0
42590	40	40	0
42708	40	40	0
42762	34	40	0
42837	40	40	0
42920	40	40	0
42960	40	40	0
42989	40	40	0
42991	7	40	0
43020	40	40	0
43038	40	40	0
43053	40	40	0
43130	5	40	0
43154	40	40	0
43160	40	40	0
43231	1	40	0
43240	17	40	0
43304	40	40	0
43342	40	40	0
43357	40	40	0
43471	40	40	0
43519	1	40	0
43608	40	40	0
43619	10	40	0
43657	40	40	0
43682	40	40	0
43686	20	40	0
43739	40	40	0
43744	40	40	0
43766	1	40	0
43785	40	40	0
43795	2	40	0
43884	40	40	0
43899	1	40	0
43915	2	40	0
43935	40	40	0
43941	40	40	0
43984	40	40	0
43994	39	40	0
44014	13	40	0
44015	40	40	0
44038	1	40	0
44040	40	40	0
44126	40	40	0
44238	40	40	0
44292	40	40	0
44339	40	40	0
44404	2	40	0
44460	2	40	0
44509	40	40	0
44561	40	40	0
44562	40	40	0
44620	1	40	0
44641	13	40	0
44882	40	40	0
44889	1	40	0
44896	40	40	0
44925	40	40	0
45057	3	40	0
45086	40	40	0
45221	40	40	0
45368	40	40	0
45394	40	40	0
45413	40	40	0
45450	1	40	0
45475	12	40	0
45496	10	40	0
45558	40	40	0
45566	23	40	0
45574	40	40	0
45677	40	40	0
45691	40	40	0
45699	12	40	0
45731	40	40	0
45929	40	40	0
45954	40	40	0
46045	40	40	0
46056	7	40	0
46166	40	40	0
46182	40	40	0
46195	40	40	0
46265	40	40	0
46335	40	40	0
46397	40	40	0
46414	40	40	0
46510	40	40	0
46545	2	40	0
46581	40	40	0
46677	40	40	0
46688	40	40	0
46715	40	40	0
46733	40	40	0
46734	40	40	0
46756	40	40	0
46847	40	40	0
46944	1	40	0
46952	40	40	0
47003	40	40	0
47102	22	40	0
47136	40	40	0
47149	40	40	0
47173	40	40	0
47198	40	40	0
47232	24	40	0
47248	40	40	0
47257	40	40	0
47448	2	40	0
47634	40	40	0
47685	40	40	0
47923	40	40	0
48054	20	40	0
48113	40	40	0
48138	40	40	0
48156	40	40	0
48197	34	40	0
48220	40	40	0
48301	40	40	0
48338	22	40	0
48363	40	40	0
48364	19	40	0
48452	40	40	0
48527	1	40	0
48571	40	40	0
48596	40	40	0
48686	20	40	0
48771	1	40	0
48783	22	40	0
48794	40	40	0
48856	40	40	0
48912	40	40	0
48916	40	40	0
48998	40	40	0
49043	40	40	0
49048	40	40	0
49090	40	40	0
49109	4	40	0
49152	40	40	0
49177	23	40	0
49238	40	40	0
49248	21	40	0
49339	3	40	0
49381	3	40	0
49382	2	40	0
49428	40	40	0
49448	40	40	0
49452	40	40	0
49564	2	40	0
49575	3	40	0
49600	3	40	0
49643	40	40	0
49644	1	40	0
49706	4	40	0
49723	40	40	0
49755	40	40	0
49914	40	40	0
49930	40	40	0
49965	1	40	0
49973	24	40	0
49994	39	40	0
50030	40	40	0
50054	1	40	0
50056	1	40	0
50110	40	40	0
50135	40	40	0
50146	9	40	0
50146	40	40	0
50149	40	40	0
50157	1	40	0
50175	1	40	0
50178	24	40	0
50198	1	40	0
50218	39	40	0
50240	1	40	0
50256	1	40	0
50265	2	40	0
50292	2	40	0
50360	39	40	0
50399	10	40	0
50420	40	40	0
50436	9	40	0
50485	1	40	0
50530	1	40	0
50532	40	40	0
50534	2	40	0
50535	10	40	0
50568	1	40	0
50612	1	40	0
50614	39	40	0
50662	4	40	0
50663	1	40	0
50720	1	40	0
50724	40	40	0
50730	1	40	0
50742	1	40	0
50809	1	40	0
50869	39	40	0
50897	39	40	0
50912	1	40	0
50940	6	40	0
50990	6	40	0
50997	1	40	0
51061	39	40	0
51066	39	40	0
51074	39	40	0
51107	39	40	0
51120	40	40	0
51132	39	40	0
51153	1	40	0
51227	1	40	0
51259	39	40	0
51368	40	40	0
51432	39	40	0
51438	39	40	0
51442	15	40	0
51454	1	40	0
51466	40	40	0
51547	1	40	0
51558	1	40	0
51623	15	40	0
51656	39	40	0
51664	1	40	0
51709	39	40	0
51720	1	40	0
51724	1	40	0
51729	39	40	0
51753	1	40	0
51760	39	40	0
51812	40	40	0
51825	40	40	0
51852	2	40	0
51868	2	40	0
51931	2	40	0
51955	40	40	0
51963	38	40	0
51974	40	40	0
51986	40	40	0
51999	40	40	0
52053	40	40	0
52056	2	40	0
52078	1	40	0
52082	38	40	0
52134	40	40	0
52148	11	40	0
52243	2	40	0
52251	2	40	0
52283	2	40	0
52326	2	40	0
52348	40	40	0
52370	2	40	0
52432	40	40	0
52455	2	40	0
52491	2	40	0
52494	40	40	0
52504	40	40	0
52525	2	40	0
52533	38	40	0
52544	2	40	0
52546	40	40	0
52577	4	40	0
52652	38	40	0
52680	10	40	0
52763	2	40	0
52773	40	40	0
52782	40	40	0
52782	40	40	0
52794	2	40	0
52797	2	40	0
52798	38	40	0
52801	2	40	0
52824	1	40	0
52848	38	40	0
52873	38	40	0
52936	40	40	0
52941	40	40	0
53004	40	40	0
53068	1	40	0
53089	6	40	0
53203	40	40	0
53464	40	40	0
53630	40	40	0
53781	3	40	0
53789	40	40	0
53818	40	40	0
53985	2	40	0
53988	40	40	0
53994	40	40	0
54041	40	40	0
54076	2	40	0
54103	40	40	0
54230	40	40	0
54270	40	40	0
54272	1	40	0
54276	40	40	0
54354	10	40	0
54357	40	40	0
54449	40	40	0
54460	7	40	0
54535	40	40	0
54552	7	40	0
54652	3	40	0
54691	40	40	0
54702	4	40	0
54707	40	40	0
54807	40	40	0
54818	40	40	0
54840	8	40	0
54877	8	40	0
54962	40	40	0
55029	40	40	0
55035	40	40	0
55064	40	40	0
55209	40	40	0
55231	1	40	0
55265	38	40	0
55312	40	40	0
55364	24	40	0
55513	40	40	0
55514	40	40	0
55558	40	40	0
55636	40	40	0
55677	7	40	0
55693	2	40	0
55755	27	40	0
55773	27	40	0
55813	40	40	0
55869	40	40	0
55923	40	40	0
56095	40	40	0
56122	40	40	0
56125	10	40	0
56143	40	40	0
56234	40	40	0
56240	40	40	0
56254	40	40	0
56263	40	40	0
56293	11	40	0
56462	1	40	0
56521	40	40	0
56558	40	40	0
56595	40	40	0
56766	40	40	0
56771	1	40	0
56782	40	40	0
56803	1	40	0
56810	1	40	0
56874	7	40	0
56986	40	40	0
56992	40	40	0
56998	40	40	0
57000	18	40	0
57049	40	40	0
57058	40	40	0
57086	40	40	0
57102	40	40	0
57178	7	40	0
57278	40	40	0
57326	40	40	0
57327	40	40	0
57448	40	40	0
57519	40	40	0
57661	11	40	0
57681	9	40	0
57683	40	40	0
57697	40	40	0
57805	40	40	0
57825	40	40	0
57864	3	40	0
57871	40	40	0
57882	40	40	0
57932	40	40	0
57965	40	40	0
58029	40	40	0
58032	40	40	0
58109	40	40	0
58139	2	40	0
58246	40	40	0
58246	1	40	0
58372	40	40	0
58406	40	40	0
58414	40	40	0
58452	40	40	0
58480	1	40	0
58574	40	40	0
58801	40	40	0
58811	40	40	0
58818	40	40	0
58922	40	40	0
59084	1	40	0
59089	40	40	0
59153	40	40	0
59281	1	40	0
59285	31	40	0
59286	40	40	0
59296	4	40	0
59352	2	40	0
59364	40	40	0
59368	40	40	0
59394	40	40	0
59407	14	40	0
59448	40	40	0
59549	3	40	0
59551	1	40	0
59636	40	40	0
59683	40	40	0
59696	1	40	0
59783	40	40	0
59785	40	40	0
59936	32	40	0
59940	1	40	0
60021	40	40	0
60033	40	40	0
60114	40	40	0
60125	35	40	0
60223	40	40	0
60352	10	40	0
60408	1	40	0
60481	40	40	0
60486	40	40	0
60499	40	40	0
60503	40	40	0
60540	40	40	0
60568	40	40	0
60593	7	40	0
60714	40	40	0
60814	40	40	0
60885	40	40	0
60934	40	40	0
61017	40	40	0
61180	17	40	0
61307	4	40	0
61324	40	40	0
61331	40	40	0
61496	40	40	0
61554	40	40	0
61566	16	40	0
61653	16	40	0
61659	6	40	0
61758	2	40	0
61934	40	40	0
61938	40	40	0
61968	40	40	0
61980	40	40	0
61992	40	40	0
62001	40	40	0
62059	40	40	0
62129	40	40	0
62149	40	40	0
62169	6	40	0
62171	4	40	0
62229	40	40	0
62334	40	40	0
62337	40	40	0
62363	40	40	0
62388	2	40	0
62391	40	40	0
62402	40	40	0
62406	40	40	0
62414	40	40	0
62415	40	40	0
62415	14	40	0
62455	40	40	0
62633	38	40	0
62653	40	40	0
62735	3	40	0
62744	6	40	0
62753	40	40	0
62821	40	40	0
62898	2	40	0
62902	16	40	0
62941	40	40	0
62951	1	40	0
62998	40	40	0
63041	40	40	0
63186	40	40	0
63313	40	40	0
63405	40	40	0
63518	16	40	0
63525	40	40	0
63567	6	40	0
63575	40	40	0
63590	40	40	0
63625	40	40	0
63786	40	40	0
63802	40	40	0
63818	40	40	0
63833	40	40	0
63838	40	40	0
63884	40	40	0
63951	2	40	0
63991	40	40	0
63995	40	40	0
64057	40	40	0
64216	40	40	0
64222	1	40	0
64275	40	40	0
64399	40	40	0
64419	2	40	0
64424	21	40	0
64425	15	40	0
64553	40	40	0
64596	40	40	0
64766	40	40	0
64848	40	40	0
64932	6	40	0
64937	40	40	0
64956	40	40	0
64997	40	40	0
65014	40	40	0
65032	40	40	0
65160	40	40	0
65192	6	40	0
65200	40	40	0
65209	40	40	0
65301	40	40	0
65313	40	40	0
65349	40	40	0
65378	40	40	0
65386	7	40	0
65435	40	40	0
65595	7	40	0
65654	40	40	0
65762	4	40	0
65762	8	40	0
65770	40	40	0
65803	34	40	0
65833	11	40	0
65860	1	40	0
65871	40	40	0
65888	40	40	0
65891	40	40	0
65893	40	40	0
65998	40	40	0
66010	40	40	0
66058	10	40	0
66059	9	40	0
66078	5	40	0
66092	40	40	0
66107	40	40	0
66166	40	40	0
66172	40	40	0
66245	40	40	0
66249	40	40	0
66250	1	40	0
66252	40	40	0
66296	6	40	0
66308	1	40	0
66340	1	40	0
66475	6	40	0
66476	3	40	0
66593	40	40	0
66601	40	40	0
66659	40	40	0
66667	40	40	0
66796	40	40	0
66850	2	40	0
66871	40	40	0
66946	40	40	0
66980	8	40	0
67023	4	40	0
67044	40	40	0
67045	40	40	0
67050	28	40	0
67052	40	40	0
67065	40	40	0
67067	40	40	0
67076	40	40	0
67115	40	40	0
67126	40	40	0
67183	40	40	0
67197	40	40	0
67240	40	40	0
67293	1	40	0
67308	40	40	0
67309	2	40	0
67381	40	40	0
67427	9	40	0
67538	6	40	0
67575	34	40	0
67624	40	40	0
67648	9	40	0
67783	40	40	0
67825	40	40	0
67841	40	40	0
67864	40	40	0
67971	2	40	0
67990	40	40	0
68043	40	40	0
68058	40	40	0
68074	40	40	0
68133	40	40	0
68161	40	40	0
68170	40	40	0
68194	16	40	0
68250	9	40	0
68364	16	40	0
68377	1	40	0
68523	4	40	0
68578	40	40	0
68579	40	40	0
68607	40	40	0
68647	3	40	0
68663	40	40	0
68678	40	40	0
68814	40	40	0
68832	1	40	0
68952	40	40	0
69086	40	40	0
69110	17	40	0
69125	40	40	0
69151	40	40	0
69181	2	40	0
69234	1	40	0
69238	40	40	0
69325	40	40	0
69364	40	40	0
69369	40	40	0
69382	15	40	0
69399	40	40	0
69445	15	40	0
69550	40	40	0
69620	40	40	0
69676	40	40	0
69689	40	40	0
69786	40	40	0
69854	40	40	0
69880	40	40	0
69910	2	40	0
69963	40	40	0
69977	2	40	0
69995	40	40	0
70007	2	40	0
70127	40	40	0
70196	9	40	0
70249	40	40	0
70415	40	40	0
70425	13	40	0
70481	40	40	0
70541	40	40	0
70558	1	40	0
70564	40	40	0
70569	40	40	0
70581	40	40	0
70582	14	40	0
70615	26	40	0
70623	40	40	0
70659	40	40	0
70699	2	40	0
70699	26	40	0
70734	40	40	0
70734	40	40	0
70858	7	40	0
70888	40	40	0
70909	40	40	0
70954	40	40	0
70989	40	40	0
71115	40	40	0
71115	40	40	0
71160	40	40	0
71193	40	40	0
71197	2	40	0
71222	40	40	0
71223	17	40	0
71244	40	40	0
71281	2	40	0
71297	40	40	0
71328	40	40	0
71346	40	40	0
71607	40	40	0
71672	40	40	0
71695	40	40	0
71731	21	40	0
71745	21	40	0
71808	20	40	0
71848	40	40	0
71909	1	40	0
72020	40	40	0
72096	1	40	0
72130	40	40	0
72170	40	40	0
72213	3	40	0
72216	40	40	0
72217	40	40	0
72346	4	40	0
72431	40	40	0
72439	9	40	0
72453	3	40	0
72530	40	40	0
72727	1	40	0
72853	40	40	0
72996	40	40	0
73023	40	40	0
73058	40	40	0
73200	40	40	0
73302	40	40	0
73306	1	40	0
73326	40	40	0
73350	40	40	0
73385	40	40	0
73428	40	40	0
73523	22	40	0
73543	16	40	0
73648	40	40	0
73678	22	40	0
73700	4	40	0
73745	40	40	0
73758	21	40	0
73906	13	40	0
73953	40	40	0
73978	13	40	0
74023	2	40	0
74030	40	40	0
74063	40	40	0
74073	40	40	0
74112	1	40	0
74121	1	40	0
74139	40	40	0
74153	40	40	0
74165	40	40	0
74242	40	40	0
74263	40	40	0
74284	40	40	0
74284	6	40	0
74328	2	40	0
74338	40	40	0
74437	40	40	0
74444	8	40	0
74450	40	40	0
74555	40	40	0
74581	40	40	0
74585	40	40	0
74608	40	40	0
74642	40	40	0
74669	40	40	0
74718	40	40	0
74802	3	40	0
74808	40	40	0
74809	40	40	0
74811	24	40	0
74924	40	40	0
74945	40	40	0
74946	40	40	0
75020	40	40	0
75053	40	40	0
75090	2	40	0
75130	2	40	0
75170	40	40	0
75245	40	40	0
75247	40	40	0
75250	40	40	0
75338	40	40	0
75366	40	40	0
75459	40	40	0
75566	40	40	0
75581	7	40	0
75606	40	40	0
75620	40	40	0
75700	40	40	0
75721	9	40	0
75916	40	40	0
76007	40	40	0
76077	40	40	0
76123	40	40	0
76215	3	40	0
76345	40	40	0
76346	40	40	0
76347	40	40	0
76400	40	40	0
76525	7	40	0
76568	40	40	0
76586	40	40	0
76607	40	40	0
76628	1	40	0
76639	6	40	0
76691	40	40	0
76750	40	40	0
76802	40	40	0
76879	40	40	0
76943	40	40	0
77045	2	40	0
77057	40	40	0
77108	40	40	0
77157	39	40	0
77237	39	40	0
77247	39	40	0
77309	3	40	0
77348	1	40	0
77356	1	40	0
77383	2	40	0
77401	1	40	0
77412	40	40	0
77438	1	40	0
77444	1	40	0
77461	40	40	0
77479	1	40	0
77527	40	40	0
77562	2	40	0
77567	20	40	0
77629	38	40	0
77635	40	40	0
77638	3	40	0
77669	5	40	0
77720	40	40	0
77767	40	40	0
77774	38	40	0
77803	2	40	0
77804	38	40	0
77820	40	40	0
77842	40	40	0
77884	40	40	0
77892	38	40	0
77912	5	40	0
77959	2	40	0
77984	38	40	0
78003	40	40	0
78017	40	40	0
78042	38	40	0
78088	2	40	0
78129	2	40	0
78148	40	40	0
78162	38	40	0
78181	40	40	0
78275	40	40	0
78290	38	40	0
78378	2	40	0
78390	38	40	0
78443	40	40	0
78444	19	40	0
78470	2	40	0
78496	20	40	0
78528	2	40	0
78532	2	40	0
78546	33	40	0
78629	38	40	0
78641	40	40	0
78652	38	40	0
78686	7	40	0
78776	12	40	0
78782	12	40	0
78874	11	40	0
78904	40	40	0
78932	2	40	0
79013	2	40	0
79086	25	40	0
79093	40	40	0
79112	40	40	0
79188	40	40	0
79204	5	40	0
79211	40	40	0
79217	2	40	0
79231	40	40	0
79237	40	40	0
79293	38	40	0
79328	2	40	0
79361	1	40	0
79425	39	40	0
79435	2	40	0
79439	39	40	0
79446	1	40	0
79458	1	40	0
79462	40	40	0
79471	1	40	0
79524	1	40	0
79531	39	40	0
79598	1	40	0
79621	1	40	0
79640	39	40	0
79641	1	40	0
79713	39	40	0
79718	40	40	0
79718	39	40	0
79719	40	40	0
79738	3	40	0
79750	2	40	0
79754	1	40	0
79774	1	40	0
79802	1	40	0
79830	39	40	0
79840	1	40	0
79859	39	40	0
79905	1	40	0
79906	40	40	0
79907	3	40	0
79948	40	40	0
80050	1	40	0
80179	39	40	0
80229	39	40	0
80251	1	40	0
80285	1	40	0
80286	1	40	0
80336	1	40	0
80350	1	40	0
80357	1	40	0
80375	39	40	0
80402	33	40	0
80452	1	40	0
80498	1	40	0
80517	39	40	0
80524	39	40	0
80561	1	40	0
80605	1	40	0
80617	39	40	0
80665	1	40	0
80689	30	40	0
80712	1	40	0
80738	40	40	0
80803	8	40	0
80874	2	40	0
80912	39	40	0
80933	39	40	0
80943	40	40	0
80943	1	40	0
80952	1	40	0
80965	1	40	0
81022	1	40	0
81051	1	40	0
81114	6	40	0
81121	40	40	0
81131	39	40	0
81171	1	40	0
81175	1	40	0
81180	1	40	0
81224	4	40	0
81286	13	40	0
81295	40	40	0
81340	1	40	0
81389	39	40	0
81456	1	40	0
81469	39	40	0
81475	40	40	0
81569	4	40	0
81594	1	40	0
81618	4	40	0
81635	39	40	0
81734	40	40	0
81766	39	40	0
81793	39	40	0
81810	1	40	0
81827	40	40	0
81831	1	40	0
81870	40	40	0
81907	3	40	0
81912	40	40	0
81912	1	40	0
81927	1	40	0
81941	39	40	0
81957	1	40	0
81990	39	40	0
82012	39	40	0
82081	1	40	0
82087	1	40	0
82102	1	40	0
82133	5	40	0
82203	40	40	0
82205	40	40	0
82259	40	40	0
82293	40	40	0
82296	5	40	0
82297	40	40	0
82471	40	40	0
82496	25	40	0
82517	15	40	0
82656	40	40	0
82670	40	40	0
82706	40	40	0
82733	1	40	0
82790	40	40	0
82792	26	40	0
82802	40	40	0
82855	40	40	0
83004	40	40	0
83040	40	40	0
83074	40	40	0
83118	40	40	0
83143	40	40	0
83179	2	40	0
83219	27	40	0
83332	40	40	0
83372	40	40	0
83441	40	40	0
83447	1	40	0
83521	40	40	0
83529	40	40	0
83604	10	40	0
83697	40	40	0
83697	1	40	0
83698	40	40	0
83718	40	40	0
83741	40	40	0
83764	40	40	0
83773	9	40	0
83916	40	40	0
83927	40	40	0
84014	40	40	0
84166	40	40	0
84238	40	40	0
84246	4	40	0
84266	40	40	0
84299	40	40	0
84539	40	40	0
84558	40	40	0
84585	40	40	0
84688	40	40	0
84734	40	40	0
84835	2	40	0
84868	1	40	0
84898	40	40	0
84898	16	40	0
84905	24	40	0
85054	40	40	0
85069	16	40	0
85088	40	40	0
85157	8	40	0
85226	40	40	0
85261	40	40	0
85345	21	40	0
85363	40	40	0
85382	40	40	0
85439	40	40	0
85450	40	40	0
85469	40	40	0
85585	40	40	0
85621	6	40	0
85667	40	40	0
85782	40	40	0
85822	40	40	0
85887	40	40	0
85975	6	40	0
86019	40	40	0
86055	40	40	0
86084	40	40	0
86104	40	40	0
86134	40	40	0
86137	40	40	0
86147	2	40	0
86217	18	40	0
86349	17	40	0
86366	2	40	0
86376	40	40	0
86470	1	40	0
86479	40	40	0
86499	40	40	0
86551	40	40	0
86578	40	40	0
86607	11	40	0
86654	40	40	0
86692	40	40	0
86755	40	40	0
86875	33	40	0
86954	2	40	0
86961	40	40	0
86966	40	40	0
87009	40	40	0
87129	40	40	0
87135	40	40	0
87150	40	40	0
87174	8	40	0
87207	40	40	0
87339	40	40	0
87360	3	40	0
87394	40	40	0
87412	40	40	0
87474	40	40	0
87475	15	40	0
87494	16	40	0
87507	40	40	0
87577	40	40	0
87603	40	40	0
87616	5	40	0
87692	15	40	0
87692	6	40	0
87767	1	40	0
87858	40	40	0
87889	8	40	0
87896	40	40	0
87902	40	40	0
87915	40	40	0
87916	40	40	0
87976	6	40	0
87995	6	40	0
88049	40	40	0
88148	40	40	0
88193	40	40	0
88199	1	40	0
88261	40	40	0
88287	40	40	0
88297	40	40	0
88310	40	40	0
88311	39	40	0
88347	40	40	0
88570	40	40	0
88692	1	40	0
88708	2	40	0
88751	40	40	0
88770	12	40	0
88799	40	40	0
88883	23	40	0
88885	40	40	0
88913	40	40	0
88976	40	40	0
89073	40	40	0
89109	40	40	0
89162	40	40	0
89164	40	40	0
89354	1	40	0
89446	40	40	0
89474	40	40	0
89503	5	40	0
89545	40	40	0
89552	40	40	0
89600	40	40	0
89683	5	40	0
89695	40	40	0
89735	40	40	0
89760	40	40	0
89770	40	40	0
89790	40	40	0
89792	40	40	0
89826	40	40	0
89882	5	40	0
89913	1	40	0
89933	40	40	0
89968	40	40	0
90014	40	40	0
90015	5	40	0
90020	40	40	0
90035	40	40	0
90081	40	40	0
90194	40	40	0
90200	40	40	0
90210	40	40	0
90419	40	40	0
90455	40	40	0
90516	40	40	0
90556	40	40	0
90573	1	40	0
90601	12	40	0
90628	5	40	0
90655	40	40	0
90734	40	40	0
90753	40	40	0
90854	40	40	0
90872	1	40	0
90876	40	40	0
90914	6	40	0
90944	40	40	0
90966	40	40	0
90981	40	40	0
91013	40	40	0
91036	1	40	0
91052	40	40	0
91061	40	40	0
91070	4	40	0
91085	40	40	0
91220	40	40	0
91222	40	40	0
91273	31	40	0
91277	9	40	0
91278	9	40	0
91287	10	40	0
91313	6	40	0
91333	5	40	0
91358	3	40	0
91386	40	40	0
91467	10	40	0
91488	10	40	0
91604	40	40	0
91618	1	40	0
91635	40	40	0
91641	28	40	0
91689	40	40	0
91693	22	40	0
91702	40	40	0
91744	37	40	0
91779	1	40	0
91790	3	40	0
91891	9	40	0
91937	40	40	0
91987	40	40	0
92029	40	40	0
92055	5	40	0
92075	40	40	0
92087	6	40	0
92127	40	40	0
92151	40	40	0
92166	40	40	0
92247	31	40	0
92332	9	40	0
92408	40	40	0
92554	40	40	0
92604	40	40	0
92750	40	40	0
92773	40	40	0
92777	40	40	0
92792	40	40	0
92824	3	40	0
92932	40	40	0
93036	40	40	0
93111	40	40	0
93128	40	40	0
93153	40	40	0
93153	40	40	0
93170	40	40	0
93196	40	40	0
93262	11	40	0
93266	2	40	0
93327	40	40	0
93381	22	40	0
93415	18	40	0
93463	40	40	0
93653	4	40	0
93720	40	40	0
93727	3	40	0
93820	40	40	0
93844	40	40	0
93929	40	40	0
93967	1	40	0
94025	40	40	0
94095	40	40	0
94109	40	40	0
94176	40	40	0
94183	40	40	0
94292	40	40	0
94311	40	40	0
94313	10	40	0
94341	40	40	0
94350	1	40	0
94424	40	40	0
94433	2	40	0
94452	40	40	0
94454	40	40	0
94455	40	40	0
94462	4	40	0
94477	40	40	0
94534	40	40	0
94537	40	40	0
94543	40	40	0
94573	40	40	0
94589	40	40	0
94596	40	40	0
94604	40	40	0
94607	15	40	0
94619	40	40	0
94628	40	40	0
94649	40	40	0
94696	40	40	0
94910	1	40	0
94920	6	40	0
94939	40	40	0
95046	40	40	0
95149	40	40	0
95156	40	40	0
95163	40	40	0
95393	40	40	0
95428	1	40	0
95454	40	40	0
95460	40	40	0
95473	40	40	0
95522	40	40	0
95600	40	40	0
95640	40	40	0
95652	40	40	0
95656	2	40	0
95671	40	40	0
95673	40	40	0
95752	40	40	0
95754	40	40	0
95885	1	40	0
95889	40	40	0
95892	40	40	0
95912	40	40	0
95956	40	40	0
95980	40	40	0
95988	2	40	0
96084	2	40	0
96155	1	40	0
96211	40	40	0
96238	40	40	0
96253	40	40	0
96321	3	40	0
96322	40	40	0
96368	40	40	0
96394	40	40	0
96413	1	40	0
96484	40	40	0
96531	1	40	0
96640	40	40	0
96765	1	40	0
96768	40	40	0
96769	40	40	0
96860	40	40	0
96866	40	40	0
96933	40	40	0
96973	40	40	0
96974	14	40	0
96982	40	40	0
97011	40	40	0
97046	40	40	0
97063	9	40	0
97067	40	40	0
97086	40	40	0
97136	3	40	0
97171	24	40	0
97213	40	40	0
97243	40	40	0
97291	40	40	0
97367	40	40	0
97406	40	40	0
97485	7	40	0
97560	40	40	0
97642	40	40	0
97666	40	40	0
97672	2	40	0
97699	40	40	0
97714	40	40	0
97753	40	40	0
97755	40	40	0
97804	1	40	0
97807	9	40	0
97822	1	40	0
97828	40	40	0
97882	1	40	0
97900	40	40	0
97963	40	40	0
97994	7	40	0
98048	40	40	0
98113	40	40	0
98163	40	40	0
98185	3	40	0
98188	38	40	0
98227	1	40	0
98231	1	40	0
98303	2	40	0
98304	38	40	0
98307	2	40	0
98380	2	40	0
98441	40	40	0
98492	40	40	0
98496	38	40	0
98533	38	40	0
98555	38	40	0
98594	2	40	0
98610	2	40	0
98618	2	40	0
98625	38	40	0
98673	40	40	0
98699	2	40	0
98701	1	40	0
98701	40	40	0
98711	4	40	0
98717	40	40	0
98725	2	40	0
98755	40	40	0
98763	2	40	0
98840	2	40	0
98848	23	40	0
98868	40	40	0
99013	40	40	0
99013	40	40	0
99071	38	40	0
99139	38	40	0
99149	38	40	0
99171	38	40	0
99204	2	40	0
99283	3	40	0
99297	40	40	0
99375	38	40	0
99380	38	40	0
99431	2	40	0
99458	2	40	0
99480	2	40	0
99497	40	40	0
99502	7	40	0
99540	38	40	0
99559	2	40	0
99658	40	40	0
99668	40	40	0
99670	30	40	0
99691	40	40	0
99746	38	40	0
99753	2	40	0
99795	5	40	0
99821	1	40	0
99828	38	40	0
99858	2	40	0
99890	1	40	0
99900	40	40	0
99904	40	40	0
99921	3	40	0
99942	2	40	0
99947	2	40	0
99954	40	40	0
99969	38	40	0
